4000.06	2.31
4002.37	2.32
4004.69	2.31
4007.01	2.32
4009.33	2.31
4011.65	2.32
4013.96	2.32
4016.28	2.34
4018.6	2.36
4020.92	2.39
4023.24	2.42
4025.56	2.45
4027.88	2.48
4030.2	2.51
4032.52	2.53
4034.84	2.56
4037.16	2.57
4039.49	2.56
4041.81	2.55
4044.13	2.51
4046.45	2.47
4048.78	2.43
4051.1	2.38
4053.42	2.34
4055.74	2.3
4058.07	2.27
4060.39	2.25
4062.72	2.23
4065.04	2.21
4067.37	2.2
4069.69	2.2
4072.02	2.22
4074.34	2.24
4076.67	2.27
4079.0	2.3
4081.32	2.33
4083.65	2.37
4085.98	2.41
4088.3	2.44
4090.63	2.47
4092.96	2.49
4095.29	2.5
4097.62	2.51
4099.94	2.52
4102.27	2.53
4104.6	2.54
4106.93	2.55
4109.26	2.56
4111.59	2.56
4113.92	2.56
4116.25	2.56
4118.58	2.54
4120.92	2.53
4123.25	2.51
4125.58	2.49
4127.91	2.48
4130.24	2.47
4132.58	2.46
4134.91	2.45
4137.24	2.44
4139.58	2.44
4141.91	2.45
4144.24	2.46
4146.58	2.48
4148.91	2.5
4151.25	2.52
4153.58	2.54
4155.92	2.55
4158.25	2.56
4160.59	2.57
4162.92	2.56
4165.26	2.56
4167.6	2.54
4169.93	2.53
4172.27	2.51
4174.61	2.49
4176.95	2.46
4179.29	2.43
4181.62	2.41
4183.96	2.39
4186.3	2.37
4188.64	2.36
4190.98	2.35
4193.32	2.34
4195.66	2.33
4198.0	2.33
4200.34	2.34
4202.68	2.35
4205.02	2.37
4207.36	2.38
4209.7	2.39
4212.05	2.39
4214.39	2.39
4216.73	2.39
4219.07	2.4
4221.42	2.4
4223.76	2.4
4226.1	2.39
4228.45	2.39
4230.79	2.38
4233.13	2.36
4235.48	2.35
4237.82	2.35
4240.17	2.35
4242.51	2.36
4244.86	2.37
4247.21	2.39
4249.55	2.41
4251.9	2.43
4254.24	2.46
4256.59	2.48
4258.94	2.51
4261.29	2.53
4263.63	2.56
4265.98	2.58
4268.33	2.59
4270.68	2.59
4273.03	2.59
4275.38	2.58
4277.73	2.55
4280.07	2.52
4282.42	2.49
4284.77	2.46
4287.13	2.42
4289.48	2.39
4291.83	2.35
4294.18	2.32
4296.53	2.3
4298.88	2.27
4301.23	2.26
4303.59	2.25
4305.94	2.25
4308.29	2.26
4310.64	2.27
4313.0	2.28
4315.35	2.3
4317.7	2.31
4320.06	2.32
4322.41	2.33
4324.77	2.34
4327.12	2.34
4329.48	2.35
4331.83	2.36
4334.19	2.37
4336.54	2.38
4338.9	2.38
4341.26	2.39
4343.61	2.39
4345.97	2.39
4348.33	2.39
4350.68	2.4
4353.04	2.41
4355.4	2.42
4357.76	2.42
4360.12	2.41
4362.48	2.4
4364.83	2.38
4367.19	2.36
4369.55	2.34
4371.91	2.31
4374.27	2.29
4376.63	2.26
4378.99	2.23
4381.35	2.2
4383.72	2.18
4386.08	2.16
4388.44	2.15
4390.8	2.15
4393.16	2.16
4395.53	2.18
4397.89	2.2
4400.25	2.22
4402.61	2.25
4404.98	2.29
4407.34	2.33
4409.7	2.37
4412.07	2.41
4414.43	2.45
4416.8	2.48
4419.16	2.5
4421.53	2.52
4423.89	2.53
4426.26	2.54
4428.63	2.54
4430.99	2.53
4433.36	2.52
4435.73	2.51
4438.09	2.5
4440.46	2.49
4442.83	2.48
4445.19	2.47
4447.56	2.45
4449.93	2.44
4452.3	2.43
4454.67	2.42
4457.04	2.41
4459.41	2.4
4461.78	2.39
4464.15	2.38
4466.52	2.37
4468.89	2.36
4471.26	2.36
4473.63	2.37
4476.0	2.39
4478.37	2.41
4480.74	2.44
4483.11	2.47
4485.49	2.5
4487.86	2.52
4490.23	2.54
4492.6	2.58
4494.98	2.61
4497.35	2.63
4499.73	2.65
4502.1	2.65
4504.47	2.63
4506.85	2.61
4509.22	2.58
4511.6	2.55
4513.97	2.52
4516.35	2.5
4518.72	2.48
4521.1	2.47
4523.48	2.46
4525.85	2.45
4528.23	2.46
4530.61	2.46
4532.98	2.48
4535.36	2.49
4537.74	2.5
4540.12	2.52
4542.49	2.54
4544.87	2.55
4547.25	2.56
4549.63	2.55
4552.01	2.54
4554.39	2.52
4556.77	2.49
4559.15	2.44
4561.53	2.4
4563.91	2.36
4566.29	2.32
4568.67	2.28
4571.05	2.25
4573.43	2.21
4575.82	2.17
4578.2	2.13
4580.58	2.1
4582.96	2.07
4585.35	2.05
4587.73	2.04
4590.11	2.04
4592.49	2.04
4594.88	2.04
4597.26	2.03
4599.65	2.03
4602.03	2.02
4604.42	2.01
4606.8	2.01
4609.19	2
4611.57	2
4613.96	1.99
4616.34	1.99
4618.73	1.99
4621.12	1.99
4623.5	2
4625.89	2.03
4628.28	2.06
4630.66	2.1
4633.05	2.14
4635.44	2.19
4637.83	2.24
4640.22	2.29
4642.61	2.35
4644.99	2.4
4647.38	2.45
4649.77	2.49
4652.16	2.53
4654.55	2.55
4656.94	2.56
4659.33	2.56
4661.72	2.56
4664.11	2.55
4666.51	2.54
4668.9	2.52
4671.29	2.51
4673.68	2.48
4676.07	2.46
4678.46	2.44
4680.86	2.43
4683.25	2.41
4685.64	2.4
4688.04	2.39
4690.43	2.39
4692.82	2.38
4695.22	2.37
4697.61	2.36
4700.01	2.35
4702.4	2.34
4704.8	2.33
4707.19	2.32
4709.59	2.31
4711.98	2.3
4714.38	2.29
4716.78	2.28
4719.17	2.28
4721.57	2.28
4723.97	2.28
4726.36	2.29
4728.76	2.29
4731.16	2.3
4733.56	2.31
4735.95	2.32
4738.35	2.33
4740.75	2.35
4743.15	2.36
4745.55	2.38
4747.95	2.39
4750.35	2.4
4752.75	2.42
4755.15	2.43
4757.55	2.45
4759.95	2.47
4762.35	2.48
4764.75	2.5
4767.15	2.52
4769.55	2.54
4771.96	2.56
4774.36	2.59
4776.76	2.61
4779.16	2.63
4781.57	2.64
4783.97	2.65
4786.37	2.64
4788.78	2.63
4791.18	2.61
4793.58	2.59
4795.99	2.57
4798.39	2.54
4800.8	2.5
4803.2	2.45
4805.61	2.4
4808.01	2.35
4810.42	2.3
4812.82	2.27
4815.23	2.24
4817.64	2.23
4820.04	2.23
4822.45	2.24
4824.86	2.25
4827.26	2.27
4829.67	2.3
4832.08	2.33
4834.49	2.36
4836.9	2.4
4839.3	2.44
4841.71	2.46
4844.12	2.48
4846.53	2.48
4848.94	2.47
4851.35	2.46
4853.76	2.44
4856.17	2.43
4858.58	2.42
4860.99	2.41
4863.4	2.41
4865.81	2.4
4868.22	2.4
4870.64	2.4
4873.05	2.41
4875.46	2.43
4877.87	2.45
4880.28	2.46
4882.7	2.48
4885.11	2.49
4887.52	2.5
4889.94	2.51
4892.35	2.5
4894.76	2.5
4897.18	2.49
4899.59	2.48
4902.01	2.48
4904.42	2.47
4906.84	2.46
4909.25	2.45
4911.67	2.44
4914.08	2.44
4916.5	2.42
4918.92	2.41
4921.33	2.4
4923.75	2.38
4926.17	2.36
4928.58	2.34
4931.0	2.31
4933.42	2.28
4935.83	2.25
4938.25	2.21
4940.67	2.18
4943.09	2.15
4945.51	2.14
4947.93	2.13
4950.35	2.12
4952.77	2.12
4955.19	2.12
4957.61	2.12
4960.03	2.13
4962.45	2.14
4964.87	2.16
4967.29	2.18
4969.71	2.19
4972.13	2.21
4974.55	2.22
4976.97	2.22
4979.4	2.23
4981.82	2.24
4984.24	2.25
4986.66	2.26
4989.09	2.27
4991.51	2.28
4993.93	2.28
4996.36	2.29
4998.78	2.3
5001.2	2.3
5003.63	2.31
5006.05	2.32
5008.48	2.32
5010.9	2.32
5013.33	2.31
5015.75	2.3
5018.18	2.3
5020.6	2.31
5023.03	2.32
5025.46	2.33
5027.88	2.33
5030.31	2.33
5032.74	2.32
5035.16	2.31
5037.59	2.32
5040.02	2.33
5042.45	2.34
5044.87	2.34
5047.3	2.33
5049.73	2.31
5052.16	2.29
5054.59	2.27
5057.02	2.27
5059.45	2.28
5061.88	2.29
5064.31	2.3
5066.74	2.3
5069.17	2.32
5071.6	2.36
5074.03	2.43
5076.46	2.54
5078.89	2.68
5081.32	2.82
5083.76	2.97
5086.19	3.12
5088.62	3.25
5091.05	3.38
5093.48	3.49
5095.92	3.59
5098.35	3.67
5100.78	3.7
5103.22	3.67
5105.65	3.57
5108.08	3.45
5110.52	3.31
5112.95	3.16
5115.39	3
5117.82	2.85
5120.26	2.7
5122.69	2.56
5125.13	2.44
5127.56	2.35
5130.0	2.28
5132.44	2.24
5134.87	2.23
5137.31	2.24
5139.75	2.27
5142.18	2.31
5144.62	2.35
5147.06	2.38
5149.5	2.41
5151.93	2.42
5154.37	2.41
5156.81	2.39
5159.25	2.37
5161.69	2.35
5164.13	2.32
5166.57	2.3
5169.01	2.28
5171.45	2.26
5173.89	2.23
5176.33	2.2
5178.77	2.16
5181.21	2.13
5183.65	2.11
5186.09	2.11
5188.53	2.11
5190.97	2.11
5193.41	2.13
5195.85	2.15
5198.3	2.18
5200.74	2.22
5203.18	2.26
5205.62	2.3
5208.07	2.35
5210.51	2.4
5212.95	2.46
5215.4	2.51
5217.84	2.56
5220.29	2.61
5222.73	2.64
5225.17	2.67
5227.62	2.68
5230.06	2.68
5232.51	2.67
5234.95	2.65
5237.4	2.63
5239.85	2.61
5242.29	2.59
5244.74	2.56
5247.18	2.53
5249.63	2.5
5252.08	2.47
5254.52	2.45
5256.97	2.43
5259.42	2.42
5261.87	2.42
5264.32	2.42
5266.76	2.41
5269.21	2.41
5271.66	2.41
5274.11	2.4
5276.56	2.41
5279.01	2.42
5281.46	2.43
5283.91	2.44
5286.36	2.46
5288.81	2.47
5291.26	2.49
5293.71	2.5
5296.16	2.52
5298.61	2.54
5301.06	2.56
5303.51	2.58
5305.96	2.59
5308.42	2.6
5310.87	2.61
5313.32	2.62
5315.77	2.62
5318.22	2.62
5320.68	2.62
5323.13	2.62
5325.58	2.62
5328.04	2.62
5330.49	2.62
5332.95	2.62
5335.4	2.61
5337.85	2.6
5340.31	2.58
5342.76	2.57
5345.22	2.57
5347.67	2.56
5350.13	2.56
5352.58	2.55
5355.04	2.54
5357.5	2.53
5359.95	2.52
5362.41	2.51
5364.87	2.5
5367.32	2.49
5369.78	2.48
5372.24	2.48
5374.69	2.46
5377.15	2.45
5379.61	2.42
5382.07	2.41
5384.53	2.4
5386.98	2.4
5389.44	2.4
5391.9	2.41
5394.36	2.42
5396.82	2.44
5399.28	2.46
5401.74	2.48
5404.2	2.51
5406.66	2.54
5409.12	2.57
5411.58	2.6
5414.04	2.62
5416.5	2.64
5418.97	2.65
5421.43	2.66
5423.89	2.66
5426.35	2.66
5428.81	2.66
5431.27	2.65
5433.74	2.64
5436.2	2.63
5438.66	2.62
5441.13	2.6
5443.59	2.59
5446.05	2.57
5448.52	2.56
5450.98	2.54
5453.44	2.53
5455.91	2.52
5458.37	2.5
5460.84	2.49
5463.3	2.47
5465.77	2.46
5468.23	2.45
5470.7	2.45
5473.17	2.45
5475.63	2.46
5478.1	2.47
5480.56	2.49
5483.03	2.51
5485.5	2.52
5487.96	2.54
5490.43	2.57
5492.9	2.59
5495.37	2.61
5497.83	2.63
5500.3	2.64
5502.77	2.65
5505.24	2.65
5507.71	2.65
5510.18	2.64
5512.65	2.63
5515.11	2.61
5517.58	2.59
5520.05	2.56
5522.52	2.53
5524.99	2.5
5527.46	2.47
5529.93	2.44
5532.41	2.42
5534.88	2.4
5537.35	2.38
5539.82	2.38
5542.29	2.37
5544.76	2.37
5547.23	2.37
5549.71	2.37
5552.18	2.37
5554.65	2.36
5557.12	2.35
5559.6	2.34
5562.07	2.33
5564.54	2.33
5567.02	2.31
5569.49	2.29
5571.96	2.26
5574.44	2.24
5576.91	2.22
5579.39	2.22
5581.86	2.22
5584.34	2.23
5586.81	2.25
5589.29	2.27
5591.76	2.29
5594.24	2.32
5596.71	2.35
5599.19	2.38
5601.67	2.42
5604.14	2.46
5606.62	2.49
5609.1	2.52
5611.57	2.54
5614.05	2.55
5616.53	2.55
5619.0	2.54
5621.48	2.53
5623.96	2.52
5626.44	2.5
5628.92	2.48
5631.4	2.46
5633.87	2.44
5636.35	2.41
5638.83	2.39
5641.31	2.37
5643.79	2.35
5646.27	2.35
5648.75	2.35
5651.23	2.36
5653.71	2.37
5656.19	2.39
5658.67	2.4
5661.15	2.42
5663.64	2.43
5666.12	2.44
5668.6	2.45
5671.08	2.45
5673.56	2.46
5676.04	2.46
5678.53	2.45
5681.01	2.44
5683.49	2.43
5685.98	2.41
5688.46	2.4
5690.94	2.39
5693.43	2.39
5695.91	2.4
5698.39	2.41
5700.88	2.42
5703.36	2.43
5705.85	2.44
5708.33	2.45
5710.82	2.46
5713.3	2.47
5715.79	2.48
5718.27	2.48
5720.76	2.49
5723.24	2.49
5725.73	2.49
5728.21	2.48
5730.7	2.46
5733.19	2.45
5735.67	2.44
5738.16	2.44
5740.65	2.44
5743.14	2.44
5745.62	2.45
5748.11	2.45
5750.6	2.46
5753.09	2.47
5755.58	2.49
5758.06	2.51
5760.55	2.54
5763.04	2.57
5765.53	2.59
5768.02	2.62
5770.51	2.63
5773.0	2.65
5775.49	2.66
5777.98	2.67
5780.47	2.67
5782.96	2.67
5785.45	2.67
5787.94	2.65
5790.43	2.63
5792.92	2.61
5795.41	2.59
5797.91	2.56
5800.4	2.54
5802.89	2.51
5805.38	2.49
5807.87	2.46
5810.37	2.44
5812.86	2.43
5815.35	2.41
5817.85	2.4
5820.34	2.38
5822.83	2.37
5825.33	2.36
5827.82	2.36
5830.31	2.36
5832.81	2.36
5835.3	2.36
5837.8	2.36
5840.29	2.37
5842.79	2.38
5845.28	2.39
5847.78	2.4
5850.27	2.41
5852.77	2.43
5855.26	2.44
5857.76	2.45
5860.26	2.45
5862.75	2.45
5865.25	2.45
5867.75	2.45
5870.24	2.45
5872.74	2.44
5875.24	2.43
5877.73	2.42
5880.23	2.41
5882.73	2.4
5885.23	2.39
5887.73	2.38
5890.22	2.37
5892.72	2.37
5895.22	2.37
5897.72	2.37
5900.22	2.37
5902.72	2.38
5905.22	2.39
5907.72	2.39
5910.22	2.4
5912.72	2.4
5915.22	2.41
5917.72	2.41
5920.22	2.42
5922.72	2.42
5925.22	2.42
5927.72	2.42
5930.22	2.41
5932.73	2.4
5935.23	2.39
5937.73	2.38
5940.23	2.37
5942.73	2.37
5945.24	2.36
5947.74	2.35
5950.24	2.34
5952.74	2.33
5955.25	2.32
5957.75	2.32
5960.25	2.32
5962.76	2.32
5965.26	2.33
5967.77	2.33
5970.27	2.33
5972.78	2.33
5975.28	2.33
5977.78	2.33
5980.29	2.33
5982.79	2.34
5985.3	2.34
5987.81	2.35
5990.31	2.37
5992.82	2.38
5995.32	2.39
5997.83	2.41
6000.34	2.43
6002.84	2.45
6005.35	2.47
6007.86	2.5
6010.36	2.51
6012.87	2.52
6015.38	2.53
6017.89	2.53
6020.39	2.53
6022.9	2.53
6025.41	2.52
6027.92	2.53
6030.43	2.53
6032.94	2.53
6035.44	2.53
6037.95	2.54
6040.46	2.55
6042.97	2.56
6045.48	2.57
6047.99	2.57
6050.5	2.56
6053.01	2.55
6055.52	2.55
6058.03	2.54
6060.54	2.53
6063.05	2.52
6065.56	2.5
6068.08	2.49
6070.59	2.48
6073.1	2.47
6075.61	2.46
6078.12	2.45
6080.63	2.46
6083.15	2.48
6085.66	2.51
6088.17	2.54
6090.68	2.58
6093.2	2.62
6095.71	2.64
6098.22	2.67
6100.74	2.68
6103.25	2.68
6105.76	2.68
6108.28	2.67
6110.79	2.67
6113.31	2.68
6115.82	2.67
6118.34	2.66
6120.85	2.65
6123.37	2.63
6125.88	2.62
6128.4	2.61
6130.91	2.6
6133.43	2.6
6135.94	2.6
6138.46	2.61
6140.98	2.62
6143.49	2.63
6146.01	2.63
6148.53	2.62
6151.04	2.62
6153.56	2.61
6156.08	2.6
6158.59	2.58
6161.11	2.57
6163.63	2.55
6166.15	2.54
6168.67	2.53
6171.18	2.53
6173.7	2.53
6176.22	2.53
6178.74	2.53
6181.26	2.54
6183.78	2.54
6186.3	2.54
6188.82	2.54
6191.34	2.55
6193.86	2.56
6196.38	2.57
6198.9	2.56
6201.42	2.56
6203.94	2.54
6206.46	2.53
6208.98	2.52
6211.5	2.51
6214.02	2.51
6216.54	2.51
6219.06	2.5
6221.59	2.5
6224.11	2.49
6226.63	2.48
6229.15	2.49
6231.67	2.5
6234.2	2.52
6236.72	2.53
6239.24	2.54
6241.76	2.54
6244.29	2.55
6246.81	2.55
6249.33	2.54
6251.86	2.53
6254.38	2.52
6256.91	2.51
6259.43	2.5
6261.95	2.48
6264.48	2.47
6267.0	2.45
6269.53	2.43
6272.05	2.43
6274.58	2.43
6277.1	2.45
6279.63	2.47
6282.16	2.5
6284.68	2.53
6287.21	2.56
6289.73	2.59
6292.26	2.63
6294.79	2.66
6297.31	2.68
6299.84	2.7
6302.37	2.71
6304.89	2.72
6307.42	2.71
6309.95	2.7
6312.48	2.69
6315.0	2.67
6317.53	2.64
6320.06	2.61
6322.59	2.59
6325.12	2.56
6327.65	2.54
6330.17	2.52
6332.7	2.52
6335.23	2.51
6337.76	2.5
6340.29	2.49
6342.82	2.48
6345.35	2.47
6347.88	2.46
6350.41	2.46
6352.94	2.46
6355.47	2.46
6358.0	2.46
6360.53	2.46
6363.06	2.46
6365.59	2.46
6368.12	2.47
6370.66	2.48
6373.19	2.5
6375.72	2.52
6378.25	2.55
6380.78	2.58
6383.32	2.6
6385.85	2.63
6388.38	2.65
6390.91	2.66
6393.45	2.67
6395.98	2.67
6398.51	2.66
6401.05	2.66
6403.58	2.64
6406.11	2.62
6408.65	2.6
6411.18	2.57
6413.71	2.55
6416.25	2.53
6418.78	2.51
6421.32	2.5
6423.85	2.48
6426.39	2.45
6428.92	2.42
6431.46	2.39
6433.99	2.35
6436.53	2.32
6439.06	2.29
6441.6	2.26
6444.13	2.22
6446.67	2.19
6449.21	2.15
6451.74	2.12
6454.28	2.1
6456.82	2.09
6459.35	2.09
6461.89	2.1
6464.43	2.13
6466.97	2.16
6469.5	2.2
6472.04	2.24
6474.58	2.29
6477.12	2.35
6479.65	2.41
6482.19	2.48
6484.73	2.54
6487.27	2.61
6489.81	2.69
6492.35	2.78
6494.89	2.87
6497.43	2.96
6499.97	3.04
6502.51	3.12
6505.04	3.2
6507.58	3.28
6510.12	3.35
6512.66	3.4
6515.21	3.44
6517.75	3.47
6520.29	3.48
6522.83	3.46
6525.37	3.43
6527.91	3.37
6530.45	3.29
6532.99	3.2
6535.53	3.1
6538.07	3
6540.62	2.9
6543.16	2.79
6545.7	2.67
6548.24	2.55
6550.79	2.43
6553.33	2.33
6555.87	2.24
6558.41	2.18
6560.96	2.13
6563.5	2.11
6566.04	2.08
6568.59	2.07
6571.13	2.07
6573.67	2.08
6576.22	2.1
6578.76	2.12
6581.31	2.15
6583.85	2.17
6586.4	2.19
6588.94	2.2
6591.49	2.21
6594.03	2.21
6596.58	2.21
6599.12	2.2
6601.67	2.19
6604.21	2.17
6606.76	2.15
6609.3	2.14
6611.85	2.15
6614.4	2.16
6616.94	2.18
6619.49	2.22
6622.04	2.31
6624.58	2.43
6627.13	2.57
6629.68	2.71
6632.22	2.85
6634.77	2.99
6637.32	3.12
6639.87	3.24
6642.41	3.32
6644.96	3.37
6647.51	3.39
6650.06	3.38
6652.61	3.33
6655.16	3.24
6657.7	3.12
6660.25	2.99
6662.8	2.85
6665.35	2.71
6667.9	2.57
6670.45	2.43
6673.0	2.31
6675.55	2.24
6678.1	2.21
6680.65	2.21
6683.2	2.23
6685.75	2.25
6688.3	2.27
6690.85	2.28
6693.4	2.3
6695.95	2.32
6698.5	2.35
6701.06	2.4
6703.61	2.45
6706.16	2.49
6708.71	2.51
6711.26	2.53
6713.81	2.55
6716.37	2.61
6718.92	2.7
6721.47	2.83
6724.02	3
6726.58	3.18
6729.13	3.37
6731.68	3.56
6734.23	3.76
6736.79	3.95
6739.34	4.15
6741.89	4.34
6744.45	4.5
6747.0	4.62
6749.56	4.7
6752.11	4.73
6754.66	4.72
6757.22	4.65
6759.77	4.56
6762.33	4.44
6764.88	4.31
6767.44	4.16
6769.99	4.01
6772.55	3.85
6775.1	3.69
6777.66	3.52
6780.21	3.37
6782.77	3.22
6785.33	3.09
6787.88	2.97
6790.44	2.85
6792.99	2.72
6795.55	2.58
6798.11	2.45
6800.66	2.33
6803.22	2.24
6805.78	2.18
6808.33	2.14
6810.89	2.13
6813.45	2.13
6816.01	2.14
6818.57	2.16
6821.12	2.19
6823.68	2.24
6826.24	2.32
6828.8	2.39
6831.36	2.47
6833.91	2.53
6836.47	2.57
6839.03	2.58
6841.59	2.59
6844.15	2.59
6846.71	2.59
6849.27	2.6
6851.83	2.61
6854.39	2.62
6856.95	2.63
6859.51	2.63
6862.07	2.65
6864.63	2.66
6867.19	2.67
6869.75	2.68
6872.31	2.68
6874.87	2.67
6877.43	2.66
6879.99	2.64
6882.55	2.6
6885.11	2.56
6887.68	2.5
6890.24	2.44
6892.8	2.38
6895.36	2.33
6897.92	2.29
6900.49	2.26
6903.05	2.25
6905.61	2.24
6908.17	2.25
6910.74	2.27
6913.3	2.3
6915.86	2.34
6918.42	2.38
6920.99	2.43
6923.55	2.48
6926.11	2.53
6928.68	2.56
6931.24	2.59
6933.81	2.6
6936.37	2.6
6938.93	2.59
6941.5	2.58
6944.06	2.56
6946.63	2.54
6949.19	2.51
6951.76	2.48
6954.32	2.43
6956.89	2.39
6959.45	2.35
6962.02	2.32
6964.58	2.29
6967.15	2.26
6969.71	2.24
6972.28	2.22
6974.85	2.2
6977.41	2.18
6979.98	2.16
6982.54	2.15
6985.11	2.14
6987.68	2.15
6990.24	2.18
6992.81	2.2
6995.38	2.24
6997.95	2.27
7000.51	2.3
7003.08	2.33
7005.65	2.37
7008.22	2.41
7010.78	2.45
7013.35	2.48
7015.92	2.51
7018.49	2.52
7021.06	2.51
7023.62	2.48
7026.19	2.45
7028.76	2.41
7031.33	2.37
7033.9	2.34
7036.47	2.32
7039.04	2.3
7041.61	2.28
7044.18	2.28
7046.75	2.28
7049.32	2.3
7051.89	2.34
7054.46	2.4
7057.03	2.47
7059.6	2.54
7062.17	2.6
7064.74	2.64
7067.31	2.67
7069.88	2.69
7072.45	2.69
7075.02	2.69
7077.59	2.67
7080.16	2.65
7082.74	2.61
7085.31	2.56
7087.88	2.52
7090.45	2.47
7093.02	2.43
7095.59	2.41
7098.17	2.39
7100.74	2.38
7103.31	2.38
7105.88	2.39
7108.46	2.41
7111.03	2.43
7113.6	2.45
7116.17	2.47
7118.75	2.48
7121.32	2.48
7123.89	2.48
7126.47	2.47
7129.04	2.45
7131.62	2.43
7134.19	2.39
7136.76	2.36
7139.34	2.31
7141.91	2.26
7144.49	2.21
7147.06	2.17
7149.64	2.14
7152.21	2.11
7154.79	2.09
7157.36	2.08
7159.94	2.08
7162.51	2.08
7165.09	2.11
7167.66	2.14
7170.24	2.18
7172.81	2.23
7175.39	2.29
7177.97	2.34
7180.54	2.41
7183.12	2.47
7185.69	2.54
7188.27	2.62
7190.85	2.69
7193.42	2.76
7196.0	2.83
7198.58	2.88
7201.16	2.92
7203.73	2.96
7206.31	2.98
7208.89	3
7211.46	3
7214.04	2.99
7216.62	2.96
7219.2	2.92
7221.78	2.88
7224.35	2.83
7226.93	2.78
7229.51	2.73
7232.09	2.68
7234.67	2.64
7237.25	2.61
7239.83	2.58
7242.41	2.57
7244.98	2.56
7247.56	2.56
7250.14	2.55
7252.72	2.56
7255.3	2.57
7257.88	2.59
7260.46	2.61
7263.04	2.63
7265.62	2.65
7268.2	2.67
7270.78	2.69
7273.36	2.7
7275.94	2.72
7278.52	2.73
7281.11	2.74
7283.69	2.74
7286.27	2.73
7288.85	2.71
7291.43	2.69
7294.01	2.66
7296.59	2.62
7299.17	2.58
7301.76	2.52
7304.34	2.47
7306.92	2.4
7309.5	2.34
7312.08	2.28
7314.67	2.24
7317.25	2.22
7319.83	2.2
7322.41	2.19
7325.0	2.18
7327.58	2.18
7330.16	2.18
7332.75	2.19
7335.33	2.2
7337.91	2.21
7340.5	2.22
7343.08	2.22
7345.66	2.21
7348.25	2.19
7350.83	2.17
7353.41	2.15
7356.0	2.13
7358.58	2.12
7361.17	2.11
7363.75	2.11
7366.34	2.11
7368.92	2.11
7371.51	2.13
7374.09	2.15
7376.68	2.19
7379.26	2.23
7381.85	2.27
7384.43	2.31
7387.02	2.34
7389.6	2.37
7392.19	2.41
7394.78	2.44
7397.36	2.47
7399.95	2.49
7402.53	2.51
7405.12	2.51
7407.71	2.52
7410.29	2.52
7412.88	2.51
7415.47	2.51
7418.05	2.5
7420.64	2.48
7423.23	2.46
7425.81	2.44
7428.4	2.42
7430.99	2.41
7433.58	2.39
7436.16	2.38
7438.75	2.37
7441.34	2.35
7443.93	2.33
7446.52	2.33
7449.1	2.34
7451.69	2.35
7454.28	2.37
7456.87	2.38
7459.46	2.38
7462.05	2.38
7464.63	2.38
7467.22	2.38
7469.81	2.39
7472.4	2.4
7474.99	2.42
7477.58	2.43
7480.17	2.43
7482.76	2.42
7485.35	2.42
7487.94	2.42
7490.53	2.43
7493.12	2.45
7495.71	2.47
7498.3	2.48
7500.89	2.49
7503.48	2.49
7506.07	2.49
7508.66	2.5
7511.25	2.5
7513.84	2.5
7516.43	2.51
7519.02	2.51
7521.62	2.5
7524.21	2.49
7526.8	2.48
7529.39	2.46
7531.98	2.46
7534.57	2.45
7537.17	2.44
7539.76	2.43
7542.35	2.43
7544.94	2.42
7547.53	2.42
7550.13	2.42
7552.72	2.41
7555.31	2.42
7557.9	2.42
7560.5	2.42
7563.09	2.42
7565.68	2.42
7568.27	2.42
7570.87	2.42
7573.46	2.42
7576.05	2.41
7578.65	2.39
7581.24	2.37
7583.84	2.36
7586.43	2.34
7589.02	2.32
7591.62	2.3
7594.21	2.28
7596.81	2.25
7599.4	2.22
7601.99	2.18
7604.59	2.15
7607.18	2.12
7609.78	2.1
7612.37	2.08
7614.97	2.06
7617.56	2.05
7620.16	2.03
7622.75	2.02
7625.35	2.02
7627.94	2.03
7630.54	2.05
7633.13	2.07
7635.73	2.09
7638.33	2.11
7640.92	2.13
7643.52	2.13
7646.11	2.14
7648.71	2.14
7651.31	2.13
7653.9	2.12
7656.5	2.1
7659.1	2.08
7661.69	2.05
7664.29	2.02
7666.89	1.99
7669.48	1.96
7672.08	1.94
7674.68	1.92
7677.28	1.91
7679.87	1.9
7682.47	1.9
7685.07	1.92
7687.67	1.94
7690.26	1.96
7692.86	1.98
7695.46	2.01
7698.06	2.03
7700.66	2.06
7703.25	2.1
7705.85	2.14
7708.45	2.19
7711.05	2.24
7713.65	2.29
7716.25	2.33
7718.85	2.36
7721.44	2.39
7724.04	2.42
7726.64	2.46
7729.24	2.48
7731.84	2.5
7734.44	2.51
7737.04	2.52
7739.64	2.51
7742.24	2.51
7744.84	2.51
7747.44	2.51
7750.04	2.51
7752.64	2.51
7755.24	2.51
7757.84	2.5
7760.44	2.49
7763.04	2.49
7765.64	2.48
7768.24	2.47
7770.84	2.46
7773.44	2.44
7776.04	2.41
7778.65	2.38
7781.25	2.35
7783.85	2.31
7786.45	2.28
7789.05	2.25
7791.65	2.22
7794.25	2.21
7796.86	2.2
7799.46	2.22
7802.06	2.25
7804.66	2.3
7807.26	2.37
7809.87	2.43
7812.47	2.51
7815.07	2.59
7817.67	2.68
7820.28	2.76
7822.88	2.84
7825.48	2.89
7828.08	2.93
7830.69	2.94
7833.29	2.94
7835.89	2.91
7838.5	2.87
7841.1	2.83
7843.7	2.79
7846.31	2.74
7848.91	2.68
7851.51	2.63
7854.12	2.59
7856.72	2.56
7859.32	2.54
7861.93	2.53
7864.53	2.53
7867.14	2.55
7869.74	2.56
7872.34	2.58
7874.95	2.59
7877.55	2.59
7880.16	2.58
7882.76	2.56
7885.37	2.54
7887.97	2.51
7890.58	2.48
7893.18	2.46
7895.79	2.45
7898.39	2.44
7901.0	2.42
7903.6	2.4
7906.21	2.38
7908.81	2.38
7911.42	2.39
7914.03	2.42
7916.63	2.45
7919.24	2.48
7921.84	2.5
7924.45	2.5
7927.06	2.49
7929.66	2.48
7932.27	2.47
7934.88	2.48
7937.48	2.48
7940.09	2.48
7942.7	2.46
7945.3	2.43
7947.91	2.4
7950.52	2.37
7953.12	2.36
7955.73	2.37
7958.34	2.39
7960.94	2.42
7963.55	2.44
7966.16	2.45
7968.77	2.47
7971.37	2.48
7973.98	2.51
7976.59	2.53
7979.2	2.56
7981.81	2.59
7984.41	2.61
7987.02	2.62
7989.63	2.63
7992.24	2.62
7992.3	2.62
7993.34	2.61
7994.38	2.6
7994.85	2.59
7995.41	2.56
7996.45	2.53
7997.46	2.51
7997.49	2.48
7998.53	2.46
7999.56	2.44
8000.06	2.41
8000.6	2.39
8001.64	2.37
8002.67	2.34
8002.68	2.32
8003.71	2.3
8004.75	2.28
8005.28	2.26
8005.79	2.25
8006.83	2.25
8007.86	2.25
8007.89	2.26
8008.9	2.26
8009.94	2.27
8010.5	2.27
8010.98	2.28
8012.02	2.3
8013.06	2.31
8013.11	2.32
8014.09	2.33
8015.13	2.34
8015.72	2.34
8016.17	2.34
8017.21	2.33
8018.25	2.33
8018.33	2.33
8019.29	2.33
8020.33	2.32
8020.94	2.3
8021.37	2.28
8022.4	2.27
8023.44	2.25
8023.55	2.25
8024.48	2.24
8025.52	2.23
8026.15	2.23
8026.56	2.22
8027.6	2.21
8028.64	2.2
8028.76	2.19
8029.68	2.19
8030.72	2.19
8031.37	2.19
8031.76	2.19
8032.8	2.2
8033.84	2.2
8033.98	2.22
8034.88	2.24
8035.92	2.25
8036.59	2.27
8036.96	2.28
8038.0	2.29
8039.04	2.29
8039.2	2.3
8040.08	2.32
8041.12	2.34
8041.81	2.36
8042.16	2.39
8043.2	2.41
8044.24	2.42
8044.42	2.43
8045.28	2.43
8046.33	2.43
8047.03	2.43
8047.37	2.44
8048.41	2.45
8049.45	2.46
8049.64	2.47
8050.49	2.47
8051.53	2.47
8052.25	2.47
8052.57	2.47
8053.61	2.47
8054.66	2.47
8054.86	2.48
8055.7	2.5
8056.74	2.52
8057.47	2.55
8057.78	2.57
8058.82	2.59
8059.86	2.61
8060.08	2.62
8060.91	2.63
8061.95	2.64
8062.69	2.65
8062.99	2.66
8064.03	2.68
8065.08	2.69
8065.31	2.69
8066.12	2.69
8067.16	2.69
8067.92	2.68
8068.2	2.67
8069.25	2.66
8070.29	2.65
8070.53	2.65
8071.33	2.64
8072.37	2.63
8073.14	2.63
8073.42	2.62
8074.46	2.61
8075.5	2.6
8075.75	2.59
8076.55	2.58
8077.59	2.57
8078.36	2.56
8078.63	2.56
8079.68	2.56
8080.72	2.55
8080.97	2.55
8081.76	2.54
8082.81	2.53
8083.58	2.52
8083.85	2.51
8084.89	2.51
8085.94	2.5
8086.19	2.5
8086.98	2.49
8088.03	2.48
8088.8	2.46
8089.07	2.45
8090.12	2.44
8091.16	2.43
8091.42	2.42
8092.2	2.42
8093.25	2.41
8094.03	2.39
8094.29	2.38
8095.34	2.36
8096.38	2.35
8096.64	2.35
8097.43	2.34
8098.47	2.34
8099.25	2.32
8099.52	2.32
8100.56	2.31
8101.61	2.31
8101.86	2.31
8102.65	2.31
8103.7	2.32
8104.47	2.33
8104.74	2.34
8105.79	2.35
8106.83	2.35
8107.09	2.36
8107.88	2.37
8108.92	2.39
8109.7	2.4
8109.97	2.41
8111.02	2.42
8112.06	2.42
8112.31	2.42
8113.11	2.42
8114.15	2.41
8114.92	2.41
8115.2	2.39
8116.25	2.38
8117.29	2.37
8117.53	2.36
8118.34	2.35
8119.39	2.34
8120.15	2.33
8120.43	2.33
8121.48	2.33
8122.52	2.33
8122.76	2.33
8123.57	2.33
8124.62	2.34
8125.37	2.35
8125.67	2.37
8126.71	2.38
8127.76	2.4
8127.98	2.42
8128.81	2.44
8129.85	2.46
8130.6	2.48
8130.9	2.5
8131.95	2.52
8133.0	2.54
8133.21	2.55
8134.04	2.56
8135.09	2.58
8135.82	2.59
8136.14	2.6
8137.19	2.61
8138.23	2.61
8138.43	2.6
8139.28	2.58
8140.33	2.57
8141.05	2.54
8141.38	2.52
8142.43	2.49
8143.47	2.47
8143.66	2.45
8144.52	2.42
8145.57	2.39
8146.27	2.36
8146.62	2.33
8147.67	2.31
8148.72	2.29
8148.89	2.28
8149.77	2.27
8150.81	2.26
8151.5	2.26
8151.86	2.27
8152.91	2.28
8153.96	2.3
8154.11	2.32
8155.01	2.34
8156.06	2.36
8156.73	2.38
8157.11	2.4
8158.16	2.41
8159.21	2.43
8159.34	2.44
8160.26	2.44
8161.31	2.44
8161.95	2.44
8162.36	2.43
8163.41	2.42
8164.46	2.41
8164.57	2.4
8165.5	2.38
8166.55	2.37
8167.18	2.36
8167.6	2.35
8168.66	2.33
8169.71	2.33
8169.79	2.33
8170.76	2.33
8171.81	2.34
8172.41	2.35
8172.86	2.36
8173.91	2.36
8174.96	2.37
8175.02	2.37
8176.01	2.38
8177.06	2.4
8177.64	2.41
8178.11	2.43
8179.16	2.44
8180.21	2.45
8180.25	2.46
8181.26	2.47
8182.31	2.48
8182.86	2.49
8183.36	2.5
8184.42	2.51
8185.47	2.52
8185.48	2.53
8186.52	2.54
8187.57	2.54
8188.09	2.55
8188.62	2.56
8189.67	2.56
8190.71	2.57
8190.72	2.58
8191.78	2.58
8192.83	2.59
8193.32	2.6
8193.88	2.62
8194.93	2.63
8195.94	2.65
8195.98	2.66
8197.04	2.67
8198.09	2.67
8198.55	2.68
8199.14	2.69
8200.19	2.69
8201.17	2.7
8201.25	2.7
8202.3	2.7
8203.35	2.7
8203.78	2.69
8204.4	2.68
8205.46	2.67
8206.39	2.66
8206.51	2.66
8207.56	2.65
8208.62	2.65
8209.01	2.64
8209.67	2.63
8210.72	2.62
8211.62	2.61
8211.78	2.6
8212.83	2.59
8213.88	2.58
8214.24	2.58
8214.94	2.57
8215.99	2.56
8216.85	2.55
8217.04	2.54
8218.1	2.53
8219.15	2.53
8219.47	2.53
8220.2	2.53
8221.26	2.53
8222.08	2.54
8222.31	2.54
8223.37	2.55
8224.42	2.56
8224.7	2.57
8225.48	2.58
8226.53	2.59
8227.32	2.59
8227.58	2.6
8228.64	2.6
8229.69	2.6
8229.93	2.6
8230.75	2.6
8231.8	2.6
8232.55	2.59
8232.86	2.58
8233.91	2.57
8234.97	2.56
8235.16	2.55
8236.02	2.54
8237.08	2.52
8237.78	2.51
8238.13	2.49
8239.19	2.47
8240.24	2.46
8240.39	2.44
8241.3	2.43
8242.35	2.41
8243.01	2.4
8243.41	2.38
8244.47	2.37
8245.52	2.36
8245.62	2.35
8246.58	2.35
8247.63	2.35
8248.24	2.35
8248.69	2.35
8249.74	2.35
8250.8	2.34
8250.86	2.35
8251.86	2.35
8252.91	2.36
8253.47	2.36
8253.97	2.37
8255.03	2.38
8256.08	2.38
8256.09	2.38
8257.14	2.37
8258.2	2.37
8258.71	2.36
8259.25	2.35
8260.31	2.34
8261.32	2.32
8261.37	2.3
8262.42	2.28
8263.48	2.25
8263.94	2.23
8264.54	2.21
8265.59	2.19
8266.55	2.17
8266.65	2.16
8267.71	2.14
8268.77	2.12
8269.17	2.11
8269.82	2.1
8270.88	2.09
8271.79	2.09
8271.94	2.09
8273.0	2.1
8274.06	2.11
8274.4	2.12
8275.11	2.13
8276.17	2.14
8277.02	2.16
8277.23	2.18
8278.29	2.2
8279.35	2.22
8279.64	2.24
8280.4	2.26
8281.46	2.28
8282.25	2.31
8282.52	2.33
8283.58	2.35
8284.64	2.37
8284.87	2.38
8285.7	2.38
8286.76	2.39
8287.49	2.39
8287.81	2.38
8288.87	2.38
8289.93	2.38
8290.11	2.38
8290.99	2.37
8292.05	2.36
8292.72	2.34
8293.11	2.32
8294.17	2.3
8295.23	2.28
8295.34	2.26
8296.29	2.25
8297.35	2.25
8297.96	2.25
8298.41	2.26
8299.47	2.28
8300.53	2.29
8300.57	2.29
8301.59	2.3
8302.65	2.31
8303.19	2.32
8303.71	2.33
8304.77	2.35
8305.81	2.36
8305.83	2.38
8306.89	2.39
8307.95	2.39
8308.43	2.39
8309.01	2.38
8310.07	2.37
8311.04	2.37
8311.13	2.36
8312.19	2.35
8313.25	2.34
8313.66	2.34
8314.31	2.33
8315.37	2.33
8316.28	2.32
8316.43	2.31
8317.49	2.3
8318.55	2.29
8318.9	2.29
8319.61	2.29
8320.68	2.3
8321.52	2.31
8321.74	2.32
8322.8	2.34
8323.86	2.35
8324.13	2.37
8324.92	2.38
8325.98	2.39
8326.75	2.4
8327.04	2.41
8328.11	2.42
8329.17	2.43
8329.37	2.44
8330.23	2.45
8331.29	2.46
8331.99	2.47
8332.35	2.48
8333.42	2.49
8334.48	2.5
8334.61	2.52
8335.54	2.54
8336.6	2.56
8337.22	2.59
8337.66	2.62
8338.73	2.66
8339.79	2.69
8339.84	2.73
8340.85	2.77
8341.92	2.81
8342.46	2.83
8342.98	2.84
8344.04	2.85
8345.08	2.85
8345.1	2.85
8346.17	2.85
8347.23	2.83
8347.7	2.81
8348.29	2.78
8349.36	2.74
8350.32	2.69
8350.42	2.64
8351.48	2.58
8352.55	2.53
8352.94	2.48
8353.61	2.44
8354.67	2.4
8355.55	2.36
8355.74	2.32
8356.8	2.29
8357.87	2.26
8358.17	2.24
8358.93	2.21
8359.99	2.19
8360.79	2.17
8361.06	2.16
8362.12	2.16
8363.19	2.16
8363.41	2.16
8364.25	2.16
8365.31	2.16
8366.03	2.16
8366.38	2.16
8367.44	2.17
8368.51	2.18
8368.65	2.19
8369.57	2.2
8370.64	2.22
8371.27	2.23
8371.7	2.25
8372.77	2.26
8373.83	2.28
8373.89	2.31
8374.9	2.34
8375.96	2.36
8376.51	2.38
8377.03	2.4
8378.09	2.41
8379.13	2.42
8379.16	2.43
8380.22	2.44
8381.29	2.46
8381.75	2.47
8382.35	2.49
8383.42	2.5
8384.36	2.5
8384.49	2.5
8385.55	2.5
8386.62	2.49
8386.98	2.48
8387.68	2.48
8388.75	2.47
8389.6	2.46
8389.82	2.45
8390.88	2.44
8391.95	2.42
8392.22	2.41
8393.02	2.39
8394.08	2.38
8394.84	2.38
8395.15	2.37
8396.21	2.36
8397.28	2.35
8397.46	2.35
8398.35	2.35
8399.41	2.34
8400.08	2.34
8400.48	2.34
8401.55	2.33
8402.62	2.32
8402.7	2.3
8403.68	2.28
8404.75	2.26
8405.32	2.25
8405.82	2.24
8406.88	2.23
8407.94	2.22
8407.95	2.21
8409.02	2.21
8410.09	2.2
8410.56	2.2
8411.15	2.19
8412.22	2.19
8413.18	2.19
8413.29	2.2
8414.36	2.21
8415.43	2.22
8415.8	2.23
8416.49	2.23
8417.56	2.24
8418.42	2.25
8418.63	2.26
8419.7	2.26
8420.77	2.27
8421.04	2.28
8421.84	2.3
8422.9	2.32
8423.67	2.34
8423.97	2.36
8425.04	2.38
8426.11	2.4
8426.29	2.41
8427.18	2.42
8428.25	2.42
8428.91	2.43
8429.32	2.44
8430.39	2.46
8431.45	2.47
8431.53	2.47
8432.52	2.47
8433.59	2.46
8434.15	2.44
8434.66	2.43
8435.73	2.42
8436.77	2.41
8436.8	2.4
8437.87	2.39
8438.94	2.38
8439.39	2.37
8440.01	2.36
8441.08	2.34
8442.01	2.33
8442.15	2.32
8443.22	2.31
8444.29	2.3
8444.63	2.3
8445.36	2.29
8446.43	2.29
8447.25	2.29
8447.5	2.28
8448.57	2.28
8449.64	2.27
8449.87	2.26
8450.71	2.26
8451.78	2.26
8452.49	2.25
8452.85	2.25
8453.92	2.25
8454.99	2.25
8455.12	2.27
8456.06	2.29
8457.14	2.31
8457.74	2.35
8458.21	2.38
8459.28	2.42
8460.35	2.46
8460.36	2.49
8461.42	2.53
8462.49	2.56
8462.98	2.59
8463.56	2.63
8464.63	2.65
8465.6	2.67
8465.7	2.68
8466.78	2.68
8467.85	2.67
8468.22	2.65
8468.92	2.63
8469.99	2.61
8470.84	2.59
8471.06	2.56
8472.14	2.52
8473.21	2.5
8473.47	2.48
8474.28	2.46
8475.35	2.44
8476.09	2.42
8476.42	2.4
8477.5	2.39
8478.57	2.39
8478.71	2.4
8479.64	2.4
8480.71	2.41
8481.33	2.41
8481.79	2.42
8482.86	2.42
8483.93	2.42
8483.95	2.42
8485.0	2.41
8486.08	2.41
8486.57	2.41
8487.15	2.4
8488.22	2.39
8489.2	2.39
8489.3	2.38
8490.37	2.38
8491.44	2.38
8491.82	2.38
8492.52	2.4
8493.59	2.41
8494.44	2.42
8494.66	2.44
8495.74	2.45
8496.81	2.46
8497.06	2.47
8497.88	2.48
8498.96	2.49
8499.69	2.49
8500.03	2.49
8501.11	2.49
8502.18	2.48
8502.31	2.47
8503.25	2.46
8504.33	2.44
8504.93	2.43
8505.4	2.43
8506.48	2.43
8507.55	2.43
8507.55	2.43
8508.63	2.43
8509.7	2.43
8510.18	2.42
8510.78	2.42
8511.85	2.42
8512.8	2.42
8512.92	2.42
8514.0	2.41
8515.07	2.4
8515.42	2.39
8516.15	2.37
8517.22	2.36
8518.04	2.34
8518.3	2.33
8519.37	2.32
8520.45	2.3
8520.67	2.29
8521.53	2.28
8522.6	2.28
8523.29	2.28
8523.68	2.28
8524.75	2.28
8525.83	2.28
8525.91	2.28
8526.9	2.28
8527.98	2.28
8528.53	2.29
8529.06	2.29
8530.13	2.3
8531.16	2.3
8531.21	2.29
8532.28	2.29
8533.36	2.28
8533.78	2.28
8534.44	2.27
8535.51	2.25
8536.4	2.24
8536.59	2.23
8537.67	2.22
8538.74	2.22
8539.03	2.21
8539.82	2.21
8540.9	2.2
8541.65	2.2
8541.97	2.19
8543.05	2.19
8544.13	2.19
8544.27	2.19
8545.2	2.19
8546.28	2.18
8546.9	2.18
8547.36	2.17
8548.43	2.16
8549.51	2.16
8549.52	2.15
8550.59	2.15
8551.67	2.15
8552.14	2.15
8552.74	2.14
8553.82	2.14
8554.77	2.14
8554.9	2.15
8555.98	2.16
8557.05	2.17
8557.39	2.19
8558.13	2.2
8559.21	2.2
8560.01	2.21
8560.29	2.21
8561.37	2.22
8562.45	2.23
8562.64	2.25
8563.52	2.27
8564.6	2.29
8565.26	2.3
8565.68	2.31
8566.76	2.32
8567.84	2.32
8567.88	2.32
8568.92	2.32
8569.99	2.32
8570.51	2.32
8571.07	2.32
8572.15	2.31
8573.13	2.3
8573.23	2.28
8574.31	2.26
8575.39	2.25
8575.76	2.23
8576.47	2.23
8577.55	2.23
8578.38	2.23
8578.63	2.24
8579.71	2.25
8580.79	2.26
8581.0	2.28
8581.87	2.3
8582.95	2.32
8583.63	2.34
8584.02	2.36
8585.1	2.38
8586.18	2.39
8586.25	2.4
8587.26	2.4
8588.34	2.4
8588.88	2.4
8589.42	2.4
8590.5	2.4
8591.5	2.39
8591.58	2.39
8592.67	2.39
8593.75	2.39
8594.13	2.4
8594.83	2.41
8595.91	2.42
8596.75	2.44
8596.99	2.46
8598.07	2.48
8599.15	2.49
8599.37	2.51
8600.23	2.53
8601.31	2.54
8602.0	2.55
8602.39	2.55
8603.47	2.55
8604.55	2.54
8604.62	2.52
8605.63	2.5
8606.72	2.47
8607.25	2.44
8607.8	2.41
8608.88	2.39
8609.87	2.36
8609.96	2.33
8611.04	2.3
8612.12	2.27
8612.5	2.25
8613.2	2.23
8614.29	2.22
8615.12	2.21
8615.37	2.22
8616.45	2.22
8617.53	2.23
8617.75	2.25
8618.61	2.26
8619.7	2.28
8620.37	2.29
8620.78	2.3
8621.86	2.31
8622.94	2.32
8623.0	2.33
8624.03	2.34
8625.11	2.34
8625.62	2.34
8626.19	2.34
8627.27	2.33
8628.25	2.33
8628.36	2.32
8629.44	2.31
8630.52	2.3
8630.87	2.31
8631.6	2.31
8632.69	2.32
8633.5	2.32
8633.77	2.33
8634.85	2.34
8635.94	2.35
8636.12	2.36
8637.02	2.38
8638.1	2.39
8638.75	2.4
8639.19	2.41
8640.27	2.42
8641.35	2.43
8641.37	2.42
8642.44	2.42
8643.52	2.42
8644.0	2.41
8644.61	2.4
8645.69	2.4
8646.62	2.38
8646.77	2.36
8647.86	2.34
8648.94	2.33
8649.25	2.31
8650.03	2.29
8651.11	2.27
8651.87	2.24
8652.19	2.22
8653.28	2.19
8654.36	2.17
8654.5	2.15
8655.45	2.12
8656.53	2.1
8657.13	2.08
8657.62	2.06
8658.7	2.04
8659.75	2.03
8659.79	2.01
8660.87	2.01
8661.96	2
8662.38	2
8663.04	2
8664.13	2
8665.0	2.01
8665.21	2.02
8666.3	2.03
8667.38	2.03
8667.63	2.04
8668.47	2.05
8669.55	2.06
8670.25	2.06
8670.64	2.07
8671.72	2.08
8672.81	2.09
8672.88	2.1
8673.9	2.1
8674.98	2.11
8675.51	2.12
8676.07	2.14
8677.15	2.16
8678.13	2.18
8678.24	2.19
8679.33	2.21
8680.41	2.22
8680.76	2.25
8681.5	2.27
8682.58	2.3
8683.38	2.32
8683.67	2.35
8684.76	2.38
8685.84	2.39
8686.01	2.39
8686.93	2.39
8688.02	2.39
8688.64	2.39
8689.1	2.39
8690.19	2.4
8691.26	2.4
8691.28	2.4
8692.37	2.39
8693.45	2.38
8693.89	2.38
8694.54	2.38
8695.63	2.38
8696.52	2.39
8696.71	2.41
8697.8	2.43
8698.89	2.44
8699.14	2.45
8699.98	2.46
8701.06	2.46
8701.77	2.46
8702.15	2.47
8703.24	2.47
8704.33	2.46
8704.4	2.46
8705.42	2.45
8706.5	2.44
8707.02	2.43
8707.59	2.42
8708.68	2.42
8709.65	2.41
8709.77	2.41
8710.86	2.41
8711.94	2.41
8712.28	2.4
8713.03	2.41
8714.12	2.41
8714.9	2.42
8715.21	2.43
8716.3	2.43
8717.39	2.44
8717.53	2.44
8718.48	2.43
8719.56	2.42
8720.16	2.41
8720.65	2.4
8721.74	2.4
8722.78	2.39
8722.83	2.39
8723.92	2.39
8725.01	2.38
8725.41	2.38
8726.1	2.38
8727.19	2.37
8728.04	2.38
8728.28	2.38
8729.37	2.4
8730.46	2.41
8730.66	2.43
8731.55	2.45
8732.64	2.47
8733.29	2.5
8733.73	2.53
8734.82	2.55
8735.91	2.57
8735.92	2.59
8737.0	2.59
8738.09	2.6
8739.18	2.6
8740.27	2.6
8741.36	2.59
8742.45	2.57
8743.54	2.54
8744.63	2.5
8745.72	2.46
8746.81	2.42
8747.9	2.38
8748.99	2.36
8750.08	2.34
8751.17	2.32
8752.26	2.29
8753.36	2.26
8754.45	2.22
8755.54	2.19
8756.63	2.16
8757.72	2.13
8758.81	2.1
8759.9	2.06
8761.0	2.01
8762.09	1.96
8763.18	1.9
8764.27	1.86
8765.36	1.82
8766.45	1.8
8767.55	1.78
8768.64	1.76
8769.73	1.76
8770.82	1.76
8771.92	1.78
8773.01	1.81
8774.1	1.86
8775.19	1.91
8776.29	1.96
8777.38	2.03
8778.47	2.09
8779.56	2.16
8780.66	2.24
8781.75	2.31
8782.84	2.39
8783.94	2.45
8785.03	2.52
8786.12	2.57
8787.22	2.62
8788.31	2.68
8789.4	2.74
8790.5	2.79
8791.59	2.85
8792.68	2.9
8793.78	2.94
8794.87	3
8795.96	3.05
8797.06	3.11
8798.15	3.19
8799.25	3.27
8800.34	3.35
8801.44	3.44
8802.53	3.52
8803.62	3.61
8804.72	3.7
8805.81	3.79
8806.91	3.88
8808.0	3.98
8809.1	4.08
8810.19	4.18
8811.29	4.28
8812.38	4.37
8813.48	4.47
8814.57	4.57
8815.67	4.66
8816.76	4.75
8817.86	4.85
8818.95	4.94
8820.05	5.06
8821.15	5.17
8822.24	5.26
8823.34	5.34
8824.43	5.45
8825.53	5.54
8826.62	5.63
8827.72	5.74
8828.82	5.85
8829.91	5.96
8831.01	6.07
8832.1	6.17
8833.2	6.25
8834.3	6.31
8835.39	6.36
8836.49	6.39
8837.59	6.41
8838.68	6.39
8839.78	6.37
8840.88	6.32
8841.97	6.25
8843.07	6.14
8844.17	5.99
8845.27	5.78
8846.36	5.54
8847.46	5.29
8848.56	5.02
8849.66	4.76
8850.75	4.54
8851.85	4.31
8852.95	4.1
8854.05	3.89
8855.14	3.69
8856.24	3.5
8857.34	3.34
8858.44	3.2
8859.54	3.11
8860.63	3.06
8861.73	3
8862.83	2.96
8863.93	2.92
8865.03	2.87
8866.13	2.85
8867.22	2.82
8868.32	2.8
8869.42	2.79
8870.52	2.78
8871.62	2.76
8872.72	2.74
8873.82	2.73
8874.92	2.71
8876.02	2.73
8877.11	2.74
8878.21	2.75
8879.31	2.76
8880.41	2.76
8881.51	2.76
8882.61	2.75
8883.71	2.74
8884.81	2.73
8885.91	2.72
8887.01	2.71
8888.11	2.71
8889.21	2.7
8890.31	2.69
8891.41	2.67
8892.51	2.65
8893.61	2.63
8894.71	2.61
8895.81	2.59
8896.91	2.56
8898.01	2.52
8899.11	2.48
8900.21	2.44
8901.32	2.41
8902.42	2.37
8903.52	2.35
8904.62	2.33
8905.72	2.32
8906.82	2.31
8907.92	2.31
8909.02	2.33
8910.12	2.35
8911.23	2.38
8912.33	2.43
8913.43	2.47
8914.53	2.51
8915.63	2.55
8916.73	2.58
8917.84	2.6
8918.94	2.62
8920.04	2.63
8921.14	2.64
8922.24	2.64
8923.35	2.64
8924.45	2.63
8925.55	2.61
8926.65	2.6
8927.76	2.58
8928.86	2.57
8929.96	2.56
8931.06	2.56
8932.17	2.55
8933.27	2.55
8934.37	2.55
8935.48	2.55
8936.58	2.55
8937.68	2.54
8938.78	2.53
8939.89	2.51
8940.99	2.5
8942.09	2.5
8943.2	2.5
8944.3	2.5
8945.41	2.51
8946.51	2.51
8947.61	2.51
8948.72	2.51
8949.82	2.52
8950.92	2.53
8952.03	2.55
8953.13	2.57
8954.24	2.59
8955.34	2.61
8956.45	2.61
8957.55	2.62
8958.65	2.62
8959.76	2.62
8960.86	2.63
8961.97	2.62
8963.07	2.62
8964.18	2.6
8965.28	2.58
8966.39	2.56
8967.49	2.54
8968.6	2.52
8969.7	2.51
8970.81	2.5
8971.91	2.5
8973.02	2.49
8974.12	2.48
8975.23	2.47
8976.34	2.47
8977.44	2.48
8978.55	2.49
8979.65	2.5
8980.76	2.51
8981.86	2.51
8982.97	2.5
8984.08	2.49
8985.18	2.48
8986.29	2.46
8987.4	2.45
8988.5	2.44
8989.61	2.42
8990.71	2.41
8991.82	2.39
8992.93	2.38
8994.03	2.37
8995.14	2.36
8996.25	2.37
8997.36	2.37
8998.46	2.39
8999.57	2.4
9000.68	2.41
9001.78	2.43
9002.89	2.44
9004.0	2.45
9005.11	2.45
9006.21	2.45
9007.32	2.45
9008.43	2.44
9009.54	2.43
9010.64	2.41
9011.75	2.39
9012.86	2.37
9013.97	2.34
9015.08	2.31
9016.18	2.29
9017.29	2.26
9018.4	2.23
9019.51	2.22
9020.62	2.21
9021.73	2.21
9022.83	2.21
9023.94	2.23
9025.05	2.25
9026.16	2.26
9027.27	2.28
9028.38	2.31
9029.49	2.33
9030.6	2.35
9031.71	2.38
9032.81	2.4
9033.92	2.42
9035.03	2.43
9036.14	2.44
9037.25	2.45
9038.36	2.46
9039.47	2.47
9040.58	2.49
9041.69	2.51
9042.8	2.53
9043.91	2.55
9045.02	2.57
9046.13	2.59
9047.24	2.61
9048.35	2.63
9049.46	2.64
9050.57	2.65
9051.68	2.66
9052.79	2.67
9053.9	2.66
9055.01	2.65
9056.12	2.64
9057.23	2.62
9058.34	2.59
9059.46	2.57
9060.57	2.56
9061.68	2.56
9062.79	2.56
9063.9	2.56
9065.01	2.56
9066.12	2.55
9067.23	2.55
9068.34	2.55
9069.46	2.55
9070.57	2.56
9071.68	2.58
9072.79	2.59
9073.9	2.59
9075.01	2.59
9076.13	2.58
9077.24	2.57
9078.35	2.57
9079.46	2.57
9080.58	2.57
9081.69	2.57
9082.8	2.58
9083.91	2.58
9085.02	2.58
9086.14	2.59
9087.25	2.6
9088.36	2.62
9089.48	2.64
9090.59	2.65
9091.7	2.66
9092.81	2.66
9093.93	2.67
9095.04	2.68
9096.15	2.68
9097.27	2.69
9098.38	2.69
9099.49	2.69
9100.61	2.69
9101.72	2.68
9102.83	2.67
9103.95	2.68
9105.06	2.68
9106.17	2.69
9107.29	2.7
9108.4	2.71
9109.52	2.71
9110.63	2.72
9111.74	2.72
9112.86	2.72
9113.97	2.73
9115.09	2.74
9116.2	2.74
9117.32	2.74
9118.43	2.73
9119.55	2.72
9120.66	2.7
9121.77	2.69
9122.89	2.68
9124.0	2.66
9125.12	2.64
9126.23	2.62
9127.35	2.59
9128.46	2.57
9129.58	2.54
9130.69	2.53
9131.81	2.51
9132.93	2.49
9134.04	2.46
9135.16	2.44
9136.27	2.43
9137.39	2.43
9138.5	2.43
9139.62	2.44
9140.74	2.45
9141.85	2.46
9142.97	2.47
9144.08	2.49
9145.2	2.5
9146.32	2.52
9147.43	2.54
9148.55	2.56
9149.67	2.56
9150.78	2.56
9151.9	2.55
9153.02	2.54
9154.13	2.53
9155.25	2.52
9156.37	2.51
9157.48	2.49
9158.6	2.47
9159.72	2.46
9160.83	2.45
9161.95	2.44
9163.07	2.44
9164.19	2.45
9165.3	2.46
9166.42	2.48
9167.54	2.5
9168.66	2.52
9169.77	2.54
9170.89	2.55
9172.01	2.56
9173.13	2.57
9174.25	2.56
9175.36	2.55
9176.48	2.54
9177.6	2.53
9178.72	2.51
9179.84	2.5
9180.95	2.48
9182.07	2.47
9183.19	2.47
9184.31	2.47
9185.43	2.49
9186.55	2.51
9187.67	2.54
9188.79	2.57
9189.9	2.59
9191.02	2.62
9192.14	2.64
9193.26	2.66
9194.38	2.67
9195.5	2.68
9196.62	2.69
9197.74	2.69
9198.86	2.68
9199.98	2.67
9201.1	2.65
9202.22	2.64
9203.34	2.62
9204.46	2.62
9205.58	2.61
9206.7	2.62
9207.82	2.63
9208.94	2.64
9210.06	2.65
9211.18	2.65
9212.3	2.67
9213.42	2.69
9214.54	2.73
9215.66	2.77
9216.78	2.8
9217.9	2.83
9219.02	2.85
9220.14	2.86
9221.26	2.87
9222.38	2.89
9223.5	2.91
9224.63	2.92
9225.75	2.92
9226.87	2.9
9227.99	2.87
9229.11	2.82
9230.23	2.77
9231.35	2.73
9232.47	2.68
9233.6	2.64
9234.72	2.59
9235.84	2.54
9236.96	2.48
9238.08	2.43
9239.21	2.39
9240.33	2.36
9241.45	2.35
9242.57	2.34
9243.69	2.33
9244.82	2.33
9245.94	2.33
9247.06	2.33
9248.18	2.34
9249.31	2.36
9250.43	2.39
9251.55	2.41
9252.67	2.41
9253.8	2.41
9254.92	2.41
9256.04	2.41
9257.17	2.41
9258.29	2.41
9259.41	2.42
9260.53	2.43
9261.66	2.43
9262.78	2.43
9263.91	2.43
9265.03	2.45
9266.15	2.47
9267.28	2.51
9268.4	2.54
9269.52	2.57
9270.65	2.59
9271.77	2.61
9272.9	2.62
9274.02	2.64
9275.14	2.65
9276.27	2.66
9277.39	2.67
9278.52	2.67
9279.64	2.66
9280.76	2.65
9281.89	2.64
9283.01	2.64
9284.14	2.63
9285.26	2.63
9286.39	2.63
9287.51	2.63
9288.64	2.63
9289.76	2.62
9290.89	2.62
9292.01	2.62
9293.14	2.62
9294.26	2.62
9295.39	2.61
9296.51	2.61
9297.64	2.6
9298.77	2.59
9299.89	2.58
9301.02	2.58
9302.14	2.57
9303.27	2.57
9304.39	2.56
9305.52	2.56
9306.65	2.56
9307.77	2.55
9308.9	2.54
9310.02	2.54
9311.15	2.53
9312.28	2.54
9313.4	2.54
9314.53	2.55
9315.66	2.56
9316.78	2.56
9317.91	2.56
9319.04	2.55
9320.16	2.55
9321.29	2.55
9322.42	2.55
9323.54	2.54
9324.67	2.52
9325.8	2.5
9326.93	2.48
9328.05	2.46
9329.18	2.44
9330.31	2.42
9331.44	2.4
9332.56	2.39
9333.69	2.37
9334.82	2.36
9335.95	2.35
9337.07	2.33
9338.2	2.32
9339.33	2.3
9340.46	2.29
9341.59	2.28
9342.71	2.28
9343.84	2.27
9344.97	2.28
9346.1	2.29
9347.23	2.31
9348.36	2.33
9349.48	2.36
9350.61	2.39
9351.74	2.42
9352.87	2.46
9354.0	2.49
9355.13	2.53
9356.26	2.55
9357.39	2.56
9358.52	2.56
9359.64	2.55
9360.77	2.53
9361.9	2.51
9363.03	2.49
9364.16	2.47
9365.29	2.45
9366.42	2.43
9367.55	2.42
9368.68	2.4
9369.81	2.39
9370.94	2.38
9372.07	2.38
9373.2	2.38
9374.33	2.39
9375.46	2.38
9376.59	2.37
9377.72	2.35
9378.85	2.33
9379.98	2.32
9381.11	2.31
9382.24	2.31
9383.37	2.32
9384.5	2.33
9385.63	2.33
9386.76	2.33
9387.9	2.33
9389.03	2.33
9390.16	2.35
9391.29	2.37
9392.42	2.38
9393.55	2.39
9394.68	2.38
9395.81	2.36
9396.94	2.34
9398.08	2.31
9399.21	2.28
9400.34	2.26
9401.47	2.24
9402.6	2.22
9403.73	2.19
9404.87	2.16
9406.0	2.12
9407.13	2.1
9408.26	2.08
9409.39	2.07
9410.53	2.07
9411.66	2.08
9412.79	2.08
9413.92	2.09
9415.06	2.1
9416.19	2.12
9417.32	2.14
9418.45	2.16
9419.59	2.19
9420.72	2.23
9421.85	2.26
9422.98	2.3
9424.12	2.34
9425.25	2.37
9426.38	2.41
9427.52	2.45
9428.65	2.49
9429.78	2.52
9430.92	2.54
9432.05	2.56
9433.18	2.57
9434.32	2.57
9435.45	2.57
9436.58	2.56
9437.72	2.55
9438.85	2.54
9439.99	2.52
9441.12	2.5
9442.25	2.48
9443.39	2.46
9444.52	2.45
9445.66	2.43
9446.79	2.43
9447.93	2.42
9449.06	2.41
9450.19	2.4
9451.33	2.38
9452.46	2.36
9453.6	2.35
9454.73	2.33
9455.87	2.31
9457.0	2.3
9458.14	2.28
9459.27	2.26
9460.41	2.24
9461.54	2.23
9462.68	2.22
9463.81	2.22
9464.95	2.22
9466.08	2.22
9467.22	2.22
9468.36	2.21
9469.49	2.2
9470.63	2.19
9471.76	2.17
9472.9	2.16
9474.03	2.15
9475.17	2.14
9476.31	2.13
9477.44	2.11
9478.58	2.1
9479.71	2.09
9480.85	2.1
9481.99	2.11
9483.12	2.14
9484.26	2.17
9485.4	2.21
9486.53	2.24
9487.67	2.27
9488.81	2.3
9489.94	2.32
9491.08	2.35
9492.22	2.38
9493.35	2.4
9494.49	2.41
9495.63	2.41
9496.77	2.41
9497.9	2.4
9499.04	2.39
9500.18	2.37
9501.32	2.36
9502.45	2.35
9503.59	2.34
9504.73	2.33
9505.87	2.33
9507.0	2.35
9508.14	2.37
9509.28	2.39
9510.42	2.43
9511.56	2.46
9512.69	2.49
9513.83	2.53
9514.97	2.56
9516.11	2.6
9517.25	2.63
9518.39	2.65
9519.52	2.66
9520.66	2.66
9521.8	2.66
9522.94	2.64
9524.08	2.62
9525.22	2.61
9526.36	2.59
9527.5	2.57
9528.63	2.55
9529.77	2.53
9530.91	2.51
9532.05	2.5
9533.19	2.5
9534.33	2.51
9535.47	2.51
9536.61	2.52
9537.75	2.52
9538.89	2.53
9540.03	2.53
9541.17	2.52
9542.31	2.51
9543.45	2.49
9544.59	2.47
9545.73	2.44
9546.87	2.42
9548.01	2.4
9549.15	2.4
9550.29	2.39
9551.43	2.39
9552.57	2.4
9553.71	2.42
9554.85	2.45
9555.99	2.5
9557.13	2.55
9558.27	2.6
9559.41	2.64
9560.55	2.67
9561.7	2.7
9562.84	2.72
9563.98	2.73
9565.12	2.74
9566.26	2.74
9567.4	2.73
9568.54	2.71
9569.68	2.68
9570.83	2.64
9571.97	2.6
9573.11	2.57
9574.25	2.55
9575.39	2.53
9576.53	2.52
9577.68	2.5
9578.82	2.47
9579.96	2.45
9581.1	2.43
9582.24	2.42
9583.39	2.42
9584.53	2.42
9585.67	2.42
9586.81	2.41
9587.96	2.4
9589.1	2.38
9590.24	2.37
9591.38	2.35
9592.53	2.34
9593.67	2.34
9594.81	2.33
9595.95	2.33
9597.1	2.33
9598.24	2.32
9599.38	2.32
9600.53	2.32
9601.67	2.32
9602.81	2.32
9603.96	2.33
9605.1	2.34
9606.24	2.35
9607.39	2.36
9608.53	2.37
9609.67	2.37
9610.82	2.36
9611.96	2.35
9613.11	2.33
9614.25	2.31
9615.39	2.29
9616.54	2.26
9617.68	2.24
9618.83	2.2
9619.97	2.17
9621.11	2.13
9622.26	2.1
9623.4	2.06
9624.55	2.04
9625.69	2.04
9626.84	2.05
9627.98	2.06
9629.13	2.09
9630.27	2.12
9631.42	2.16
9632.56	2.2
9633.71	2.24
9634.85	2.29
9636.0	2.33
9637.14	2.38
9638.29	2.42
9639.43	2.45
9640.58	2.47
9641.72	2.48
9642.87	2.48
9644.01	2.47
9645.16	2.46
9646.31	2.45
9647.45	2.45
9648.6	2.45
9649.74	2.44
9650.89	2.44
9652.04	2.43
9653.18	2.43
9654.33	2.44
9655.47	2.44
9656.62	2.44
9657.77	2.44
9658.91	2.44
9660.06	2.43
9661.21	2.43
9662.35	2.43
9663.5	2.43
9664.65	2.44
9665.79	2.44
9666.94	2.45
9668.09	2.46
9669.23	2.47
9670.38	2.49
9671.53	2.51
9672.68	2.53
9673.82	2.54
9674.97	2.54
9676.12	2.52
9677.27	2.5
9678.41	2.47
9679.56	2.45
9680.71	2.43
9681.86	2.4
9683.0	2.36
9684.15	2.32
9685.3	2.27
9686.45	2.24
9687.6	2.23
9688.74	2.24
9689.89	2.25
9691.04	2.26
9692.19	2.26
9693.34	2.25
9694.49	2.23
9695.63	2.23
9696.78	2.23
9697.93	2.25
9699.08	2.26
9700.23	2.27
9701.38	2.27
9702.53	2.27
9703.68	2.28
9704.82	2.3
9705.97	2.33
9707.12	2.38
9708.27	2.44
9709.42	2.5
9710.57	2.55
9711.72	2.58
9712.87	2.61
9714.02	2.62
9715.17	2.63
9716.32	2.63
9717.47	2.61
9718.62	2.58
9719.77	2.55
9720.92	2.51
9722.07	2.47
9723.22	2.43
9724.37	2.39
9725.52	2.37
9726.67	2.35
9727.82	2.35
9728.97	2.36
9730.12	2.37
9731.27	2.38
9732.42	2.4
9733.57	2.41
9734.72	2.42
9735.87	2.43
9737.02	2.45
9738.17	2.45
9739.32	2.45
9740.48	2.45
9741.63	2.45
9742.78	2.45
9743.93	2.46
9745.08	2.48
9746.23	2.5
9747.38	2.51
9748.53	2.52
9749.69	2.51
9750.84	2.5
9751.99	2.48
9753.14	2.46
9754.29	2.44
9755.44	2.4
9756.6	2.35
9757.75	2.29
9758.9	2.24
9760.05	2.19
9761.2	2.16
9762.36	2.16
9763.51	2.16
9764.66	2.17
9765.81	2.19
9766.97	2.21
9768.12	2.24
9769.27	2.29
9770.42	2.35
9771.58	2.4
9772.73	2.44
9773.88	2.46
9775.04	2.45
9776.19	2.43
9777.34	2.4
9778.49	2.37
9779.65	2.33
9780.8	2.3
9781.95	2.27
9783.11	2.23
9784.26	2.18
9785.41	2.14
9786.57	2.11
9787.72	2.09
9788.88	2.09
9790.03	2.09
9791.18	2.11
9792.34	2.12
9793.49	2.13
9794.64	2.14
9795.8	2.16
9796.95	2.17
9798.11	2.18
9799.26	2.2
9800.42	2.21
9801.57	2.22
9802.72	2.22
9803.88	2.22
9805.03	2.22
9806.19	2.22
9807.34	2.22
9808.5	2.22
9809.65	2.21
9810.81	2.21
9811.96	2.2
9813.12	2.19
9814.27	2.18
9815.43	2.16
9816.58	2.15
9817.74	2.13
9818.89	2.11
9820.05	2.08
9821.2	2.06
9822.36	2.04
9823.51	2.01
9824.67	1.99
9825.83	1.98
9826.98	1.96
9828.14	1.95
9829.29	1.93
9830.45	1.93
9831.61	1.92
9832.76	1.93
9833.92	1.95
9835.07	1.97
9836.23	2
9837.39	2.04
9838.54	2.08
9839.7	2.13
9840.86	2.18
9842.01	2.23
9843.17	2.29
9844.33	2.36
9845.48	2.42
9846.64	2.47
9847.8	2.52
9848.95	2.56
9850.11	2.58
9851.27	2.59
9852.42	2.6
9853.58	2.6
9854.74	2.59
9855.9	2.57
9857.05	2.54
9858.21	2.5
9859.37	2.47
9860.53	2.45
9861.68	2.44
9862.84	2.44
9864.0	2.45
9865.16	2.47
9866.32	2.48
9867.47	2.5
9868.63	2.52
9869.79	2.54
9870.95	2.57
9872.11	2.59
9873.26	2.59
9874.42	2.59
9875.58	2.56
9876.74	2.52
9877.9	2.47
9879.06	2.42
9880.21	2.36
9881.37	2.31
9882.53	2.26
9883.69	2.21
9884.85	2.16
9886.01	2.12
9887.17	2.08
9888.33	2.06
9889.49	2.04
9890.65	2.03
9891.8	2.03
9892.96	2.03
9894.12	2.03
9895.28	2.03
9896.44	2.04
9897.6	2.05
9898.76	2.07
9899.92	2.09
9901.08	2.11
9902.24	2.13
9903.4	2.16
9904.56	2.18
9905.72	2.22
9906.88	2.26
9908.04	2.3
9909.2	2.34
9910.36	2.37
9911.52	2.4
9912.68	2.42
9913.84	2.43
9915.0	2.44
9916.16	2.45
9917.32	2.45
9918.48	2.45
9919.65	2.43
9920.81	2.4
9921.97	2.36
9923.13	2.31
9924.29	2.26
9925.45	2.21
9926.61	2.16
9927.77	2.12
9928.93	2.07
9930.1	2.02
9931.26	1.96
9932.42	1.91
9933.58	1.87
9934.74	1.84
9935.9	1.82
9937.06	1.8
9938.23	1.8
9939.39	1.79
9940.55	1.79
9941.71	1.79
9942.87	1.8
9944.04	1.82
9945.2	1.84
9946.36	1.87
9947.52	1.9
9948.68	1.92
9949.85	1.93
9951.01	1.95
9952.17	1.97
9953.33	1.99
9954.5	2.03
9955.66	2.06
9956.82	2.09
9957.99	2.11
9959.15	2.13
9960.31	2.15
9961.47	2.18
9962.64	2.21
9963.8	2.25
9964.96	2.29
9966.13	2.32
9967.29	2.35
9968.45	2.37
9969.62	2.39
9970.78	2.42
9971.94	2.45
9973.11	2.48
9974.27	2.52
9975.44	2.55
9976.6	2.56
9977.76	2.57
9978.93	2.57
9980.09	2.56
9981.25	2.55
9982.42	2.52
9983.58	2.49
9984.75	2.45
9985.91	2.41
9987.08	2.35
9988.24	2.3
9989.4	2.24
9990.57	2.19
9991.73	2.14
9992.9	1.94
9994.06	1.9
9995.23	1.86
9996.39	1.81
9997.56	1.77
9998.72	1.73
9999.89	1.69
	
	
