4000.06	2.31e-17
4002.37	2.32e-17
4004.69	2.31e-17
4007.01	2.32e-17
4009.33	2.31e-17
4011.65	2.32e-17
4013.96	2.32e-17
4016.28	2.34e-17
4018.6	2.36e-17
4020.92	2.39e-17
4023.24	2.42e-17
4025.56	2.45e-17
4027.88	2.48e-17
4030.2	2.51e-17
4032.52	2.53e-17
4034.84	2.56e-17
4037.16	2.57e-17
4039.49	2.56e-17
4041.81	2.55e-17
4044.13	2.51e-17
4046.45	2.47e-17
4048.78	2.43e-17
4051.1	2.38e-17
4053.42	2.34e-17
4055.74	2.3e-17
4058.07	2.27e-17
4060.39	2.25e-17
4062.72	2.23e-17
4065.04	2.21e-17
4067.37	2.2e-17
4069.69	2.2e-17
4072.02	2.22e-17
4074.34	2.24e-17
4076.67	2.27e-17
4079.0	2.3e-17
4081.32	2.33e-17
4083.65	2.37e-17
4085.98	2.41e-17
4088.3	2.44e-17
4090.63	2.47e-17
4092.96	2.49e-17
4095.29	2.5e-17
4097.62	2.51e-17
4099.94	2.52e-17
4102.27	2.53e-17
4104.6	2.54e-17
4106.93	2.55e-17
4109.26	2.56e-17
4111.59	2.56e-17
4113.92	2.56e-17
4116.25	2.56e-17
4118.58	2.54e-17
4120.92	2.53e-17
4123.25	2.51e-17
4125.58	2.49e-17
4127.91	2.48e-17
4130.24	2.47e-17
4132.58	2.46e-17
4134.91	2.45e-17
4137.24	2.44e-17
4139.58	2.44e-17
4141.91	2.45e-17
4144.24	2.46e-17
4146.58	2.48e-17
4148.91	2.5e-17
4151.25	2.52e-17
4153.58	2.54e-17
4155.92	2.55e-17
4158.25	2.56e-17
4160.59	2.57e-17
4162.92	2.56e-17
4165.26	2.56e-17
4167.6	2.54e-17
4169.93	2.53e-17
4172.27	2.51e-17
4174.61	2.49e-17
4176.95	2.46e-17
4179.29	2.43e-17
4181.62	2.41e-17
4183.96	2.39e-17
4186.3	2.37e-17
4188.64	2.36e-17
4190.98	2.35e-17
4193.32	2.34e-17
4195.66	2.33e-17
4198.0	2.33e-17
4200.34	2.34e-17
4202.68	2.35e-17
4205.02	2.37e-17
4207.36	2.38e-17
4209.7	2.39e-17
4212.05	2.39e-17
4214.39	2.39e-17
4216.73	2.39e-17
4219.07	2.4e-17
4221.42	2.4e-17
4223.76	2.4e-17
4226.1	2.39e-17
4228.45	2.39e-17
4230.79	2.38e-17
4233.13	2.36e-17
4235.48	2.35e-17
4237.82	2.35e-17
4240.17	2.35e-17
4242.51	2.36e-17
4244.86	2.37e-17
4247.21	2.39e-17
4249.55	2.41e-17
4251.9	2.43e-17
4254.24	2.46e-17
4256.59	2.48e-17
4258.94	2.51e-17
4261.29	2.53e-17
4263.63	2.56e-17
4265.98	2.58e-17
4268.33	2.59e-17
4270.68	2.59e-17
4273.03	2.59e-17
4275.38	2.58e-17
4277.73	2.55e-17
4280.07	2.52e-17
4282.42	2.49e-17
4284.77	2.46e-17
4287.13	2.42e-17
4289.48	2.39e-17
4291.83	2.35e-17
4294.18	2.32e-17
4296.53	2.3e-17
4298.88	2.27e-17
4301.23	2.26e-17
4303.59	2.25e-17
4305.94	2.25e-17
4308.29	2.26e-17
4310.64	2.27e-17
4313.0	2.28e-17
4315.35	2.3e-17
4317.7	2.31e-17
4320.06	2.32e-17
4322.41	2.33e-17
4324.77	2.34e-17
4327.12	2.34e-17
4329.48	2.35e-17
4331.83	2.36e-17
4334.19	2.37e-17
4336.54	2.38e-17
4338.9	2.38e-17
4341.26	2.39e-17
4343.61	2.39e-17
4345.97	2.39e-17
4348.33	2.39e-17
4350.68	2.4e-17
4353.04	2.41e-17
4355.4	2.42e-17
4357.76	2.42e-17
4360.12	2.41e-17
4362.48	2.4e-17
4364.83	2.38e-17
4367.19	2.36e-17
4369.55	2.34e-17
4371.91	2.31e-17
4374.27	2.29e-17
4376.63	2.26e-17
4378.99	2.23e-17
4381.35	2.2e-17
4383.72	2.18e-17
4386.08	2.16e-17
4388.44	2.15e-17
4390.8	2.15e-17
4393.16	2.16e-17
4395.53	2.18e-17
4397.89	2.2e-17
4400.25	2.22e-17
4402.61	2.25e-17
4404.98	2.29e-17
4407.34	2.33e-17
4409.7	2.37e-17
4412.07	2.41e-17
4414.43	2.45e-17
4416.8	2.48e-17
4419.16	2.5e-17
4421.53	2.52e-17
4423.89	2.53e-17
4426.26	2.54e-17
4428.63	2.54e-17
4430.99	2.53e-17
4433.36	2.52e-17
4435.73	2.51e-17
4438.09	2.5e-17
4440.46	2.49e-17
4442.83	2.48e-17
4445.19	2.47e-17
4447.56	2.45e-17
4449.93	2.44e-17
4452.3	2.43e-17
4454.67	2.42e-17
4457.04	2.41e-17
4459.41	2.4e-17
4461.78	2.39e-17
4464.15	2.38e-17
4466.52	2.37e-17
4468.89	2.36e-17
4471.26	2.36e-17
4473.63	2.37e-17
4476.0	2.39e-17
4478.37	2.41e-17
4480.74	2.44e-17
4483.11	2.47e-17
4485.49	2.5e-17
4487.86	2.52e-17
4490.23	2.54e-17
4492.6	2.58e-17
4494.98	2.61e-17
4497.35	2.63e-17
4499.73	2.65e-17
4502.1	2.65e-17
4504.47	2.63e-17
4506.85	2.61e-17
4509.22	2.58e-17
4511.6	2.55e-17
4513.97	2.52e-17
4516.35	2.5e-17
4518.72	2.48e-17
4521.1	2.47e-17
4523.48	2.46e-17
4525.85	2.45e-17
4528.23	2.46e-17
4530.61	2.46e-17
4532.98	2.48e-17
4535.36	2.49e-17
4537.74	2.5e-17
4540.12	2.52e-17
4542.49	2.54e-17
4544.87	2.55e-17
4547.25	2.56e-17
4549.63	2.55e-17
4552.01	2.54e-17
4554.39	2.52e-17
4556.77	2.49e-17
4559.15	2.44e-17
4561.53	2.4e-17
4563.91	2.36e-17
4566.29	2.32e-17
4568.67	2.28e-17
4571.05	2.25e-17
4573.43	2.21e-17
4575.82	2.17e-17
4578.2	2.13e-17
4580.58	2.1e-17
4582.96	2.07e-17
4585.35	2.05e-17
4587.73	2.04e-17
4590.11	2.04e-17
4592.49	2.04e-17
4594.88	2.04e-17
4597.26	2.03e-17
4599.65	2.03e-17
4602.03	2.02e-17
4604.42	2.01e-17
4606.8	2.01e-17
4609.19	2e-17
4611.57	2e-17
4613.96	1.99e-17
4616.34	1.99e-17
4618.73	1.99e-17
4621.12	1.99e-17
4623.5	2e-17
4625.89	2.03e-17
4628.28	2.06e-17
4630.66	2.1e-17
4633.05	2.14e-17
4635.44	2.19e-17
4637.83	2.24e-17
4640.22	2.29e-17
4642.61	2.35e-17
4644.99	2.4e-17
4647.38	2.45e-17
4649.77	2.49e-17
4652.16	2.53e-17
4654.55	2.55e-17
4656.94	2.56e-17
4659.33	2.56e-17
4661.72	2.56e-17
4664.11	2.55e-17
4666.51	2.54e-17
4668.9	2.52e-17
4671.29	2.51e-17
4673.68	2.48e-17
4676.07	2.46e-17
4678.46	2.44e-17
4680.86	2.43e-17
4683.25	2.41e-17
4685.64	2.4e-17
4688.04	2.39e-17
4690.43	2.39e-17
4692.82	2.38e-17
4695.22	2.37e-17
4697.61	2.36e-17
4700.01	2.35e-17
4702.4	2.34e-17
4704.8	2.33e-17
4707.19	2.32e-17
4709.59	2.31e-17
4711.98	2.3e-17
4714.38	2.29e-17
4716.78	2.28e-17
4719.17	2.28e-17
4721.57	2.28e-17
4723.97	2.28e-17
4726.36	2.29e-17
4728.76	2.29e-17
4731.16	2.3e-17
4733.56	2.31e-17
4735.95	2.32e-17
4738.35	2.33e-17
4740.75	2.35e-17
4743.15	2.36e-17
4745.55	2.38e-17
4747.95	2.39e-17
4750.35	2.4e-17
4752.75	2.42e-17
4755.15	2.43e-17
4757.55	2.45e-17
4759.95	2.47e-17
4762.35	2.48e-17
4764.75	2.5e-17
4767.15	2.52e-17
4769.55	2.54e-17
4771.96	2.56e-17
4774.36	2.59e-17
4776.76	2.61e-17
4779.16	2.63e-17
4781.57	2.64e-17
4783.97	2.65e-17
4786.37	2.64e-17
4788.78	2.63e-17
4791.18	2.61e-17
4793.58	2.59e-17
4795.99	2.57e-17
4798.39	2.54e-17
4800.8	2.5e-17
4803.2	2.45e-17
4805.61	2.4e-17
4808.01	2.35e-17
4810.42	2.3e-17
4812.82	2.27e-17
4815.23	2.24e-17
4817.64	2.23e-17
4820.04	2.23e-17
4822.45	2.24e-17
4824.86	2.25e-17
4827.26	2.27e-17
4829.67	2.3e-17
4832.08	2.33e-17
4834.49	2.36e-17
4836.9	2.4e-17
4839.3	2.44e-17
4841.71	2.46e-17
4844.12	2.48e-17
4846.53	2.48e-17
4848.94	2.47e-17
4851.35	2.46e-17
4853.76	2.44e-17
4856.17	2.43e-17
4858.58	2.42e-17
4860.99	2.41e-17
4863.4	2.41e-17
4865.81	2.4e-17
4868.22	2.4e-17
4870.64	2.4e-17
4873.05	2.41e-17
4875.46	2.43e-17
4877.87	2.45e-17
4880.28	2.46e-17
4882.7	2.48e-17
4885.11	2.49e-17
4887.52	2.5e-17
4889.94	2.51e-17
4892.35	2.5e-17
4894.76	2.5e-17
4897.18	2.49e-17
4899.59	2.48e-17
4902.01	2.48e-17
4904.42	2.47e-17
4906.84	2.46e-17
4909.25	2.45e-17
4911.67	2.44e-17
4914.08	2.44e-17
4916.5	2.42e-17
4918.92	2.41e-17
4921.33	2.4e-17
4923.75	2.38e-17
4926.17	2.36e-17
4928.58	2.34e-17
4931.0	2.31e-17
4933.42	2.28e-17
4935.83	2.25e-17
4938.25	2.21e-17
4940.67	2.18e-17
4943.09	2.15e-17
4945.51	2.14e-17
4947.93	2.13e-17
4950.35	2.12e-17
4952.77	2.12e-17
4955.19	2.12e-17
4957.61	2.12e-17
4960.03	2.13e-17
4962.45	2.14e-17
4964.87	2.16e-17
4967.29	2.18e-17
4969.71	2.19e-17
4972.13	2.21e-17
4974.55	2.22e-17
4976.97	2.22e-17
4979.4	2.23e-17
4981.82	2.24e-17
4984.24	2.25e-17
4986.66	2.26e-17
4989.09	2.27e-17
4991.51	2.28e-17
4993.93	2.28e-17
4996.36	2.29e-17
4998.78	2.3e-17
5001.2	2.3e-17
5003.63	2.31e-17
5006.05	2.32e-17
5008.48	2.32e-17
5010.9	2.32e-17
5013.33	2.31e-17
5015.75	2.3e-17
5018.18	2.3e-17
5020.6	2.31e-17
5023.03	2.32e-17
5025.46	2.33e-17
5027.88	2.33e-17
5030.31	2.33e-17
5032.74	2.32e-17
5035.16	2.31e-17
5037.59	2.32e-17
5040.02	2.33e-17
5042.45	2.34e-17
5044.87	2.34e-17
5047.3	2.33e-17
5049.73	2.31e-17
5052.16	2.29e-17
5054.59	2.27e-17
5057.02	2.27e-17
5059.45	2.28e-17
5061.88	2.29e-17
5064.31	2.3e-17
5066.74	2.3e-17
5069.17	2.32e-17
5071.6	2.36e-17
5074.03	2.43e-17
5076.46	2.54e-17
5078.89	2.68e-17
5081.32	2.82e-17
5083.76	2.97e-17
5086.19	3.12e-17
5088.62	3.25e-17
5091.05	3.38e-17
5093.48	3.49e-17
5095.92	3.59e-17
5098.35	3.67e-17
5100.78	3.7e-17
5103.22	3.67e-17
5105.65	3.57e-17
5108.08	3.45e-17
5110.52	3.31e-17
5112.95	3.16e-17
5115.39	3e-17
5117.82	2.85e-17
5120.26	2.7e-17
5122.69	2.56e-17
5125.13	2.44e-17
5127.56	2.35e-17
5130.0	2.28e-17
5132.44	2.24e-17
5134.87	2.23e-17
5137.31	2.24e-17
5139.75	2.27e-17
5142.18	2.31e-17
5144.62	2.35e-17
5147.06	2.38e-17
5149.5	2.41e-17
5151.93	2.42e-17
5154.37	2.41e-17
5156.81	2.39e-17
5159.25	2.37e-17
5161.69	2.35e-17
5164.13	2.32e-17
5166.57	2.3e-17
5169.01	2.28e-17
5171.45	2.26e-17
5173.89	2.23e-17
5176.33	2.2e-17
5178.77	2.16e-17
5181.21	2.13e-17
5183.65	2.11e-17
5186.09	2.11e-17
5188.53	2.11e-17
5190.97	2.11e-17
5193.41	2.13e-17
5195.85	2.15e-17
5198.3	2.18e-17
5200.74	2.22e-17
5203.18	2.26e-17
5205.62	2.3e-17
5208.07	2.35e-17
5210.51	2.4e-17
5212.95	2.46e-17
5215.4	2.51e-17
5217.84	2.56e-17
5220.29	2.61e-17
5222.73	2.64e-17
5225.17	2.67e-17
5227.62	2.68e-17
5230.06	2.68e-17
5232.51	2.67e-17
5234.95	2.65e-17
5237.4	2.63e-17
5239.85	2.61e-17
5242.29	2.59e-17
5244.74	2.56e-17
5247.18	2.53e-17
5249.63	2.5e-17
5252.08	2.47e-17
5254.52	2.45e-17
5256.97	2.43e-17
5259.42	2.42e-17
5261.87	2.42e-17
5264.32	2.42e-17
5266.76	2.41e-17
5269.21	2.41e-17
5271.66	2.41e-17
5274.11	2.4e-17
5276.56	2.41e-17
5279.01	2.42e-17
5281.46	2.43e-17
5283.91	2.44e-17
5286.36	2.46e-17
5288.81	2.47e-17
5291.26	2.49e-17
5293.71	2.5e-17
5296.16	2.52e-17
5298.61	2.54e-17
5301.06	2.56e-17
5303.51	2.58e-17
5305.96	2.59e-17
5308.42	2.6e-17
5310.87	2.61e-17
5313.32	2.62e-17
5315.77	2.62e-17
5318.22	2.62e-17
5320.68	2.62e-17
5323.13	2.62e-17
5325.58	2.62e-17
5328.04	2.62e-17
5330.49	2.62e-17
5332.95	2.62e-17
5335.4	2.61e-17
5337.85	2.6e-17
5340.31	2.58e-17
5342.76	2.57e-17
5345.22	2.57e-17
5347.67	2.56e-17
5350.13	2.56e-17
5352.58	2.55e-17
5355.04	2.54e-17
5357.5	2.53e-17
5359.95	2.52e-17
5362.41	2.51e-17
5364.87	2.5e-17
5367.32	2.49e-17
5369.78	2.48e-17
5372.24	2.48e-17
5374.69	2.46e-17
5377.15	2.45e-17
5379.61	2.42e-17
5382.07	2.41e-17
5384.53	2.4e-17
5386.98	2.4e-17
5389.44	2.4e-17
5391.9	2.41e-17
5394.36	2.42e-17
5396.82	2.44e-17
5399.28	2.46e-17
5401.74	2.48e-17
5404.2	2.51e-17
5406.66	2.54e-17
5409.12	2.57e-17
5411.58	2.6e-17
5414.04	2.62e-17
5416.5	2.64e-17
5418.97	2.65e-17
5421.43	2.66e-17
5423.89	2.66e-17
5426.35	2.66e-17
5428.81	2.66e-17
5431.27	2.65e-17
5433.74	2.64e-17
5436.2	2.63e-17
5438.66	2.62e-17
5441.13	2.6e-17
5443.59	2.59e-17
5446.05	2.57e-17
5448.52	2.56e-17
5450.98	2.54e-17
5453.44	2.53e-17
5455.91	2.52e-17
5458.37	2.5e-17
5460.84	2.49e-17
5463.3	2.47e-17
5465.77	2.46e-17
5468.23	2.45e-17
5470.7	2.45e-17
5473.17	2.45e-17
5475.63	2.46e-17
5478.1	2.47e-17
5480.56	2.49e-17
5483.03	2.51e-17
5485.5	2.52e-17
5487.96	2.54e-17
5490.43	2.57e-17
5492.9	2.59e-17
5495.37	2.61e-17
5497.83	2.63e-17
5500.3	2.64e-17
5502.77	2.65e-17
5505.24	2.65e-17
5507.71	2.65e-17
5510.18	2.64e-17
5512.65	2.63e-17
5515.11	2.61e-17
5517.58	2.59e-17
5520.05	2.56e-17
5522.52	2.53e-17
5524.99	2.5e-17
5527.46	2.47e-17
5529.93	2.44e-17
5532.41	2.42e-17
5534.88	2.4e-17
5537.35	2.38e-17
5539.82	2.38e-17
5542.29	2.37e-17
5544.76	2.37e-17
5547.23	2.37e-17
5549.71	2.37e-17
5552.18	2.37e-17
5554.65	2.36e-17
5557.12	2.35e-17
5559.6	2.34e-17
5562.07	2.33e-17
5564.54	2.33e-17
5567.02	2.31e-17
5569.49	2.29e-17
5571.96	2.26e-17
5574.44	2.24e-17
5576.91	2.22e-17
5579.39	2.22e-17
5581.86	2.22e-17
5584.34	2.23e-17
5586.81	2.25e-17
5589.29	2.27e-17
5591.76	2.29e-17
5594.24	2.32e-17
5596.71	2.35e-17
5599.19	2.38e-17
5601.67	2.42e-17
5604.14	2.46e-17
5606.62	2.49e-17
5609.1	2.52e-17
5611.57	2.54e-17
5614.05	2.55e-17
5616.53	2.55e-17
5619.0	2.54e-17
5621.48	2.53e-17
5623.96	2.52e-17
5626.44	2.5e-17
5628.92	2.48e-17
5631.4	2.46e-17
5633.87	2.44e-17
5636.35	2.41e-17
5638.83	2.39e-17
5641.31	2.37e-17
5643.79	2.35e-17
5646.27	2.35e-17
5648.75	2.35e-17
5651.23	2.36e-17
5653.71	2.37e-17
5656.19	2.39e-17
5658.67	2.4e-17
5661.15	2.42e-17
5663.64	2.43e-17
5666.12	2.44e-17
5668.6	2.45e-17
5671.08	2.45e-17
5673.56	2.46e-17
5676.04	2.46e-17
5678.53	2.45e-17
5681.01	2.44e-17
5683.49	2.43e-17
5685.98	2.41e-17
5688.46	2.4e-17
5690.94	2.39e-17
5693.43	2.39e-17
5695.91	2.4e-17
5698.39	2.41e-17
5700.88	2.42e-17
5703.36	2.43e-17
5705.85	2.44e-17
5708.33	2.45e-17
5710.82	2.46e-17
5713.3	2.47e-17
5715.79	2.48e-17
5718.27	2.48e-17
5720.76	2.49e-17
5723.24	2.49e-17
5725.73	2.49e-17
5728.21	2.48e-17
5730.7	2.46e-17
5733.19	2.45e-17
5735.67	2.44e-17
5738.16	2.44e-17
5740.65	2.44e-17
5743.14	2.44e-17
5745.62	2.45e-17
5748.11	2.45e-17
5750.6	2.46e-17
5753.09	2.47e-17
5755.58	2.49e-17
5758.06	2.51e-17
5760.55	2.54e-17
5763.04	2.57e-17
5765.53	2.59e-17
5768.02	2.62e-17
5770.51	2.63e-17
5773.0	2.65e-17
5775.49	2.66e-17
5777.98	2.67e-17
5780.47	2.67e-17
5782.96	2.67e-17
5785.45	2.67e-17
5787.94	2.65e-17
5790.43	2.63e-17
5792.92	2.61e-17
5795.41	2.59e-17
5797.91	2.56e-17
5800.4	2.54e-17
5802.89	2.51e-17
5805.38	2.49e-17
5807.87	2.46e-17
5810.37	2.44e-17
5812.86	2.43e-17
5815.35	2.41e-17
5817.85	2.4e-17
5820.34	2.38e-17
5822.83	2.37e-17
5825.33	2.36e-17
5827.82	2.36e-17
5830.31	2.36e-17
5832.81	2.36e-17
5835.3	2.36e-17
5837.8	2.36e-17
5840.29	2.37e-17
5842.79	2.38e-17
5845.28	2.39e-17
5847.78	2.4e-17
5850.27	2.41e-17
5852.77	2.43e-17
5855.26	2.44e-17
5857.76	2.45e-17
5860.26	2.45e-17
5862.75	2.45e-17
5865.25	2.45e-17
5867.75	2.45e-17
5870.24	2.45e-17
5872.74	2.44e-17
5875.24	2.43e-17
5877.73	2.42e-17
5880.23	2.41e-17
5882.73	2.4e-17
5885.23	2.39e-17
5887.73	2.38e-17
5890.22	2.37e-17
5892.72	2.37e-17
5895.22	2.37e-17
5897.72	2.37e-17
5900.22	2.37e-17
5902.72	2.38e-17
5905.22	2.39e-17
5907.72	2.39e-17
5910.22	2.4e-17
5912.72	2.4e-17
5915.22	2.41e-17
5917.72	2.41e-17
5920.22	2.42e-17
5922.72	2.42e-17
5925.22	2.42e-17
5927.72	2.42e-17
5930.22	2.41e-17
5932.73	2.4e-17
5935.23	2.39e-17
5937.73	2.38e-17
5940.23	2.37e-17
5942.73	2.37e-17
5945.24	2.36e-17
5947.74	2.35e-17
5950.24	2.34e-17
5952.74	2.33e-17
5955.25	2.32e-17
5957.75	2.32e-17
5960.25	2.32e-17
5962.76	2.32e-17
5965.26	2.33e-17
5967.77	2.33e-17
5970.27	2.33e-17
5972.78	2.33e-17
5975.28	2.33e-17
5977.78	2.33e-17
5980.29	2.33e-17
5982.79	2.34e-17
5985.3	2.34e-17
5987.81	2.35e-17
5990.31	2.37e-17
5992.82	2.38e-17
5995.32	2.39e-17
5997.83	2.41e-17
6000.34	2.43e-17
6002.84	2.45e-17
6005.35	2.47e-17
6007.86	2.5e-17
6010.36	2.51e-17
6012.87	2.52e-17
6015.38	2.53e-17
6017.89	2.53e-17
6020.39	2.53e-17
6022.9	2.53e-17
6025.41	2.52e-17
6027.92	2.53e-17
6030.43	2.53e-17
6032.94	2.53e-17
6035.44	2.53e-17
6037.95	2.54e-17
6040.46	2.55e-17
6042.97	2.56e-17
6045.48	2.57e-17
6047.99	2.57e-17
6050.5	2.56e-17
6053.01	2.55e-17
6055.52	2.55e-17
6058.03	2.54e-17
6060.54	2.53e-17
6063.05	2.52e-17
6065.56	2.5e-17
6068.08	2.49e-17
6070.59	2.48e-17
6073.1	2.47e-17
6075.61	2.46e-17
6078.12	2.45e-17
6080.63	2.46e-17
6083.15	2.48e-17
6085.66	2.51e-17
6088.17	2.54e-17
6090.68	2.58e-17
6093.2	2.62e-17
6095.71	2.64e-17
6098.22	2.67e-17
6100.74	2.68e-17
6103.25	2.68e-17
6105.76	2.68e-17
6108.28	2.67e-17
6110.79	2.67e-17
6113.31	2.68e-17
6115.82	2.67e-17
6118.34	2.66e-17
6120.85	2.65e-17
6123.37	2.63e-17
6125.88	2.62e-17
6128.4	2.61e-17
6130.91	2.6e-17
6133.43	2.6e-17
6135.94	2.6e-17
6138.46	2.61e-17
6140.98	2.62e-17
6143.49	2.63e-17
6146.01	2.63e-17
6148.53	2.62e-17
6151.04	2.62e-17
6153.56	2.61e-17
6156.08	2.6e-17
6158.59	2.58e-17
6161.11	2.57e-17
6163.63	2.55e-17
6166.15	2.54e-17
6168.67	2.53e-17
6171.18	2.53e-17
6173.7	2.53e-17
6176.22	2.53e-17
6178.74	2.53e-17
6181.26	2.54e-17
6183.78	2.54e-17
6186.3	2.54e-17
6188.82	2.54e-17
6191.34	2.55e-17
6193.86	2.56e-17
6196.38	2.57e-17
6198.9	2.56e-17
6201.42	2.56e-17
6203.94	2.54e-17
6206.46	2.53e-17
6208.98	2.52e-17
6211.5	2.51e-17
6214.02	2.51e-17
6216.54	2.51e-17
6219.06	2.5e-17
6221.59	2.5e-17
6224.11	2.49e-17
6226.63	2.48e-17
6229.15	2.49e-17
6231.67	2.5e-17
6234.2	2.52e-17
6236.72	2.53e-17
6239.24	2.54e-17
6241.76	2.54e-17
6244.29	2.55e-17
6246.81	2.55e-17
6249.33	2.54e-17
6251.86	2.53e-17
6254.38	2.52e-17
6256.91	2.51e-17
6259.43	2.5e-17
6261.95	2.48e-17
6264.48	2.47e-17
6267.0	2.45e-17
6269.53	2.43e-17
6272.05	2.43e-17
6274.58	2.43e-17
6277.1	2.45e-17
6279.63	2.47e-17
6282.16	2.5e-17
6284.68	2.53e-17
6287.21	2.56e-17
6289.73	2.59e-17
6292.26	2.63e-17
6294.79	2.66e-17
6297.31	2.68e-17
6299.84	2.7e-17
6302.37	2.71e-17
6304.89	2.72e-17
6307.42	2.71e-17
6309.95	2.7e-17
6312.48	2.69e-17
6315.0	2.67e-17
6317.53	2.64e-17
6320.06	2.61e-17
6322.59	2.59e-17
6325.12	2.56e-17
6327.65	2.54e-17
6330.17	2.52e-17
6332.7	2.52e-17
6335.23	2.51e-17
6337.76	2.5e-17
6340.29	2.49e-17
6342.82	2.48e-17
6345.35	2.47e-17
6347.88	2.46e-17
6350.41	2.46e-17
6352.94	2.46e-17
6355.47	2.46e-17
6358.0	2.46e-17
6360.53	2.46e-17
6363.06	2.46e-17
6365.59	2.46e-17
6368.12	2.47e-17
6370.66	2.48e-17
6373.19	2.5e-17
6375.72	2.52e-17
6378.25	2.55e-17
6380.78	2.58e-17
6383.32	2.6e-17
6385.85	2.63e-17
6388.38	2.65e-17
6390.91	2.66e-17
6393.45	2.67e-17
6395.98	2.67e-17
6398.51	2.66e-17
6401.05	2.66e-17
6403.58	2.64e-17
6406.11	2.62e-17
6408.65	2.6e-17
6411.18	2.57e-17
6413.71	2.55e-17
6416.25	2.53e-17
6418.78	2.51e-17
6421.32	2.5e-17
6423.85	2.48e-17
6426.39	2.45e-17
6428.92	2.42e-17
6431.46	2.39e-17
6433.99	2.35e-17
6436.53	2.32e-17
6439.06	2.29e-17
6441.6	2.26e-17
6444.13	2.22e-17
6446.67	2.19e-17
6449.21	2.15e-17
6451.74	2.12e-17
6454.28	2.1e-17
6456.82	2.09e-17
6459.35	2.09e-17
6461.89	2.1e-17
6464.43	2.13e-17
6466.97	2.16e-17
6469.5	2.2e-17
6472.04	2.24e-17
6474.58	2.29e-17
6477.12	2.35e-17
6479.65	2.41e-17
6482.19	2.48e-17
6484.73	2.54e-17
6487.27	2.61e-17
6489.81	2.69e-17
6492.35	2.78e-17
6494.89	2.87e-17
6497.43	2.96e-17
6499.97	3.04e-17
6502.51	3.12e-17
6505.04	3.2e-17
6507.58	3.28e-17
6510.12	3.35e-17
6512.66	3.4e-17
6515.21	3.44e-17
6517.75	3.47e-17
6520.29	3.48e-17
6522.83	3.46e-17
6525.37	3.43e-17
6527.91	3.37e-17
6530.45	3.29e-17
6532.99	3.2e-17
6535.53	3.1e-17
6538.07	3e-17
6540.62	2.9e-17
6543.16	2.79e-17
6545.7	2.67e-17
6548.24	2.55e-17
6550.79	2.43e-17
6553.33	2.33e-17
6555.87	2.24e-17
6558.41	2.18e-17
6560.96	2.13e-17
6563.5	2.11e-17
6566.04	2.08e-17
6568.59	2.07e-17
6571.13	2.07e-17
6573.67	2.08e-17
6576.22	2.1e-17
6578.76	2.12e-17
6581.31	2.15e-17
6583.85	2.17e-17
6586.4	2.19e-17
6588.94	2.2e-17
6591.49	2.21e-17
6594.03	2.21e-17
6596.58	2.21e-17
6599.12	2.2e-17
6601.67	2.19e-17
6604.21	2.17e-17
6606.76	2.15e-17
6609.3	2.14e-17
6611.85	2.15e-17
6614.4	2.16e-17
6616.94	2.18e-17
6619.49	2.22e-17
6622.04	2.31e-17
6624.58	2.43e-17
6627.13	2.57e-17
6629.68	2.71e-17
6632.22	2.85e-17
6634.77	2.99e-17
6637.32	3.12e-17
6639.87	3.24e-17
6642.41	3.32e-17
6644.96	3.37e-17
6647.51	3.39e-17
6650.06	3.38e-17
6652.61	3.33e-17
6655.16	3.24e-17
6657.7	3.12e-17
6660.25	2.99e-17
6662.8	2.85e-17
6665.35	2.71e-17
6667.9	2.57e-17
6670.45	2.43e-17
6673.0	2.31e-17
6675.55	2.24e-17
6678.1	2.21e-17
6680.65	2.21e-17
6683.2	2.23e-17
6685.75	2.25e-17
6688.3	2.27e-17
6690.85	2.28e-17
6693.4	2.3e-17
6695.95	2.32e-17
6698.5	2.35e-17
6701.06	2.4e-17
6703.61	2.45e-17
6706.16	2.49e-17
6708.71	2.51e-17
6711.26	2.53e-17
6713.81	2.55e-17
6716.37	2.61e-17
6718.92	2.7e-17
6721.47	2.83e-17
6724.02	3e-17
6726.58	3.18e-17
6729.13	3.37e-17
6731.68	3.56e-17
6734.23	3.76e-17
6736.79	3.95e-17
6739.34	4.15e-17
6741.89	4.34e-17
6744.45	4.5e-17
6747.0	4.62e-17
6749.56	4.7e-17
6752.11	4.73e-17
6754.66	4.72e-17
6757.22	4.65e-17
6759.77	4.56e-17
6762.33	4.44e-17
6764.88	4.31e-17
6767.44	4.16e-17
6769.99	4.01e-17
6772.55	3.85e-17
6775.1	3.69e-17
6777.66	3.52e-17
6780.21	3.37e-17
6782.77	3.22e-17
6785.33	3.09e-17
6787.88	2.97e-17
6790.44	2.85e-17
6792.99	2.72e-17
6795.55	2.58e-17
6798.11	2.45e-17
6800.66	2.33e-17
6803.22	2.24e-17
6805.78	2.18e-17
6808.33	2.14e-17
6810.89	2.13e-17
6813.45	2.13e-17
6816.01	2.14e-17
6818.57	2.16e-17
6821.12	2.19e-17
6823.68	2.24e-17
6826.24	2.32e-17
6828.8	2.39e-17
6831.36	2.47e-17
6833.91	2.53e-17
6836.47	2.57e-17
6839.03	2.58e-17
6841.59	2.59e-17
6844.15	2.59e-17
6846.71	2.59e-17
6849.27	2.6e-17
6851.83	2.61e-17
6854.39	2.62e-17
6856.95	2.63e-17
6859.51	2.63e-17
6862.07	2.65e-17
6864.63	2.66e-17
6867.19	2.67e-17
6869.75	2.68e-17
6872.31	2.68e-17
6874.87	2.67e-17
6877.43	2.66e-17
6879.99	2.64e-17
6882.55	2.6e-17
6885.11	2.56e-17
6887.68	2.5e-17
6890.24	2.44e-17
6892.8	2.38e-17
6895.36	2.33e-17
6897.92	2.29e-17
6900.49	2.26e-17
6903.05	2.25e-17
6905.61	2.24e-17
6908.17	2.25e-17
6910.74	2.27e-17
6913.3	2.3e-17
6915.86	2.34e-17
6918.42	2.38e-17
6920.99	2.43e-17
6923.55	2.48e-17
6926.11	2.53e-17
6928.68	2.56e-17
6931.24	2.59e-17
6933.81	2.6e-17
6936.37	2.6e-17
6938.93	2.59e-17
6941.5	2.58e-17
6944.06	2.56e-17
6946.63	2.54e-17
6949.19	2.51e-17
6951.76	2.48e-17
6954.32	2.43e-17
6956.89	2.39e-17
6959.45	2.35e-17
6962.02	2.32e-17
6964.58	2.29e-17
6967.15	2.26e-17
6969.71	2.24e-17
6972.28	2.22e-17
6974.85	2.2e-17
6977.41	2.18e-17
6979.98	2.16e-17
6982.54	2.15e-17
6985.11	2.14e-17
6987.68	2.15e-17
6990.24	2.18e-17
6992.81	2.2e-17
6995.38	2.24e-17
6997.95	2.27e-17
7000.51	2.3e-17
7003.08	2.33e-17
7005.65	2.37e-17
7008.22	2.41e-17
7010.78	2.45e-17
7013.35	2.48e-17
7015.92	2.51e-17
7018.49	2.52e-17
7021.06	2.51e-17
7023.62	2.48e-17
7026.19	2.45e-17
7028.76	2.41e-17
7031.33	2.37e-17
7033.9	2.34e-17
7036.47	2.32e-17
7039.04	2.3e-17
7041.61	2.28e-17
7044.18	2.28e-17
7046.75	2.28e-17
7049.32	2.3e-17
7051.89	2.34e-17
7054.46	2.4e-17
7057.03	2.47e-17
7059.6	2.54e-17
7062.17	2.6e-17
7064.74	2.64e-17
7067.31	2.67e-17
7069.88	2.69e-17
7072.45	2.69e-17
7075.02	2.69e-17
7077.59	2.67e-17
7080.16	2.65e-17
7082.74	2.61e-17
7085.31	2.56e-17
7087.88	2.52e-17
7090.45	2.47e-17
7093.02	2.43e-17
7095.59	2.41e-17
7098.17	2.39e-17
7100.74	2.38e-17
7103.31	2.38e-17
7105.88	2.39e-17
7108.46	2.41e-17
7111.03	2.43e-17
7113.6	2.45e-17
7116.17	2.47e-17
7118.75	2.48e-17
7121.32	2.48e-17
7123.89	2.48e-17
7126.47	2.47e-17
7129.04	2.45e-17
7131.62	2.43e-17
7134.19	2.39e-17
7136.76	2.36e-17
7139.34	2.31e-17
7141.91	2.26e-17
7144.49	2.21e-17
7147.06	2.17e-17
7149.64	2.14e-17
7152.21	2.11e-17
7154.79	2.09e-17
7157.36	2.08e-17
7159.94	2.08e-17
7162.51	2.08e-17
7165.09	2.11e-17
7167.66	2.14e-17
7170.24	2.18e-17
7172.81	2.23e-17
7175.39	2.29e-17
7177.97	2.34e-17
7180.54	2.41e-17
7183.12	2.47e-17
7185.69	2.54e-17
7188.27	2.62e-17
7190.85	2.69e-17
7193.42	2.76e-17
7196.0	2.83e-17
7198.58	2.88e-17
7201.16	2.92e-17
7203.73	2.96e-17
7206.31	2.98e-17
7208.89	3e-17
7211.46	3e-17
7214.04	2.99e-17
7216.62	2.96e-17
7219.2	2.92e-17
7221.78	2.88e-17
7224.35	2.83e-17
7226.93	2.78e-17
7229.51	2.73e-17
7232.09	2.68e-17
7234.67	2.64e-17
7237.25	2.61e-17
7239.83	2.58e-17
7242.41	2.57e-17
7244.98	2.56e-17
7247.56	2.56e-17
7250.14	2.55e-17
7252.72	2.56e-17
7255.3	2.57e-17
7257.88	2.59e-17
7260.46	2.61e-17
7263.04	2.63e-17
7265.62	2.65e-17
7268.2	2.67e-17
7270.78	2.69e-17
7273.36	2.7e-17
7275.94	2.72e-17
7278.52	2.73e-17
7281.11	2.74e-17
7283.69	2.74e-17
7286.27	2.73e-17
7288.85	2.71e-17
7291.43	2.69e-17
7294.01	2.66e-17
7296.59	2.62e-17
7299.17	2.58e-17
7301.76	2.52e-17
7304.34	2.47e-17
7306.92	2.4e-17
7309.5	2.34e-17
7312.08	2.28e-17
7314.67	2.24e-17
7317.25	2.22e-17
7319.83	2.2e-17
7322.41	2.19e-17
7325.0	2.18e-17
7327.58	2.18e-17
7330.16	2.18e-17
7332.75	2.19e-17
7335.33	2.2e-17
7337.91	2.21e-17
7340.5	2.22e-17
7343.08	2.22e-17
7345.66	2.21e-17
7348.25	2.19e-17
7350.83	2.17e-17
7353.41	2.15e-17
7356.0	2.13e-17
7358.58	2.12e-17
7361.17	2.11e-17
7363.75	2.11e-17
7366.34	2.11e-17
7368.92	2.11e-17
7371.51	2.13e-17
7374.09	2.15e-17
7376.68	2.19e-17
7379.26	2.23e-17
7381.85	2.27e-17
7384.43	2.31e-17
7387.02	2.34e-17
7389.6	2.37e-17
7392.19	2.41e-17
7394.78	2.44e-17
7397.36	2.47e-17
7399.95	2.49e-17
7402.53	2.51e-17
7405.12	2.51e-17
7407.71	2.52e-17
7410.29	2.52e-17
7412.88	2.51e-17
7415.47	2.51e-17
7418.05	2.5e-17
7420.64	2.48e-17
7423.23	2.46e-17
7425.81	2.44e-17
7428.4	2.42e-17
7430.99	2.41e-17
7433.58	2.39e-17
7436.16	2.38e-17
7438.75	2.37e-17
7441.34	2.35e-17
7443.93	2.33e-17
7446.52	2.33e-17
7449.1	2.34e-17
7451.69	2.35e-17
7454.28	2.37e-17
7456.87	2.38e-17
7459.46	2.38e-17
7462.05	2.38e-17
7464.63	2.38e-17
7467.22	2.38e-17
7469.81	2.39e-17
7472.4	2.4e-17
7474.99	2.42e-17
7477.58	2.43e-17
7480.17	2.43e-17
7482.76	2.42e-17
7485.35	2.42e-17
7487.94	2.42e-17
7490.53	2.43e-17
7493.12	2.45e-17
7495.71	2.47e-17
7498.3	2.48e-17
7500.89	2.49e-17
7503.48	2.49e-17
7506.07	2.49e-17
7508.66	2.5e-17
7511.25	2.5e-17
7513.84	2.5e-17
7516.43	2.51e-17
7519.02	2.51e-17
7521.62	2.5e-17
7524.21	2.49e-17
7526.8	2.48e-17
7529.39	2.46e-17
7531.98	2.46e-17
7534.57	2.45e-17
7537.17	2.44e-17
7539.76	2.43e-17
7542.35	2.43e-17
7544.94	2.42e-17
7547.53	2.42e-17
7550.13	2.42e-17
7552.72	2.41e-17
7555.31	2.42e-17
7557.9	2.42e-17
7560.5	2.42e-17
7563.09	2.42e-17
7565.68	2.42e-17
7568.27	2.42e-17
7570.87	2.42e-17
7573.46	2.42e-17
7576.05	2.41e-17
7578.65	2.39e-17
7581.24	2.37e-17
7583.84	2.36e-17
7586.43	2.34e-17
7589.02	2.32e-17
7591.62	2.3e-17
7594.21	2.28e-17
7596.81	2.25e-17
7599.4	2.22e-17
7601.99	2.18e-17
7604.59	2.15e-17
7607.18	2.12e-17
7609.78	2.1e-17
7612.37	2.08e-17
7614.97	2.06e-17
7617.56	2.05e-17
7620.16	2.03e-17
7622.75	2.02e-17
7625.35	2.02e-17
7627.94	2.03e-17
7630.54	2.05e-17
7633.13	2.07e-17
7635.73	2.09e-17
7638.33	2.11e-17
7640.92	2.13e-17
7643.52	2.13e-17
7646.11	2.14e-17
7648.71	2.14e-17
7651.31	2.13e-17
7653.9	2.12e-17
7656.5	2.1e-17
7659.1	2.08e-17
7661.69	2.05e-17
7664.29	2.02e-17
7666.89	1.99e-17
7669.48	1.96e-17
7672.08	1.94e-17
7674.68	1.92e-17
7677.28	1.91e-17
7679.87	1.9e-17
7682.47	1.9e-17
7685.07	1.92e-17
7687.67	1.94e-17
7690.26	1.96e-17
7692.86	1.98e-17
7695.46	2.01e-17
7698.06	2.03e-17
7700.66	2.06e-17
7703.25	2.1e-17
7705.85	2.14e-17
7708.45	2.19e-17
7711.05	2.24e-17
7713.65	2.29e-17
7716.25	2.33e-17
7718.85	2.36e-17
7721.44	2.39e-17
7724.04	2.42e-17
7726.64	2.46e-17
7729.24	2.48e-17
7731.84	2.5e-17
7734.44	2.51e-17
7737.04	2.52e-17
7739.64	2.51e-17
7742.24	2.51e-17
7744.84	2.51e-17
7747.44	2.51e-17
7750.04	2.51e-17
7752.64	2.51e-17
7755.24	2.51e-17
7757.84	2.5e-17
7760.44	2.49e-17
7763.04	2.49e-17
7765.64	2.48e-17
7768.24	2.47e-17
7770.84	2.46e-17
7773.44	2.44e-17
7776.04	2.41e-17
7778.65	2.38e-17
7781.25	2.35e-17
7783.85	2.31e-17
7786.45	2.28e-17
7789.05	2.25e-17
7791.65	2.22e-17
7794.25	2.21e-17
7796.86	2.2e-17
7799.46	2.22e-17
7802.06	2.25e-17
7804.66	2.3e-17
7807.26	2.37e-17
7809.87	2.43e-17
7812.47	2.51e-17
7815.07	2.59e-17
7817.67	2.68e-17
7820.28	2.76e-17
7822.88	2.84e-17
7825.48	2.89e-17
7828.08	2.93e-17
7830.69	2.94e-17
7833.29	2.94e-17
7835.89	2.91e-17
7838.5	2.87e-17
7841.1	2.83e-17
7843.7	2.79e-17
7846.31	2.74e-17
7848.91	2.68e-17
7851.51	2.63e-17
7854.12	2.59e-17
7856.72	2.56e-17
7859.32	2.54e-17
7861.93	2.53e-17
7864.53	2.53e-17
7867.14	2.55e-17
7869.74	2.56e-17
7872.34	2.58e-17
7874.95	2.59e-17
7877.55	2.59e-17
7880.16	2.58e-17
7882.76	2.56e-17
7885.37	2.54e-17
7887.97	2.51e-17
7890.58	2.48e-17
7893.18	2.46e-17
7895.79	2.45e-17
7898.39	2.44e-17
7901.0	2.42e-17
7903.6	2.4e-17
7906.21	2.38e-17
7908.81	2.38e-17
7911.42	2.39e-17
7914.03	2.42e-17
7916.63	2.45e-17
7919.24	2.48e-17
7921.84	2.5e-17
7924.45	2.5e-17
7927.06	2.49e-17
7929.66	2.48e-17
7932.27	2.47e-17
7934.88	2.48e-17
7937.48	2.48e-17
7940.09	2.48e-17
7942.7	2.46e-17
7945.3	2.43e-17
7947.91	2.4e-17
7950.52	2.37e-17
7953.12	2.36e-17
7955.73	2.37e-17
7958.34	2.39e-17
7960.94	2.42e-17
7963.55	2.44e-17
7966.16	2.45e-17
7968.77	2.47e-17
7971.37	2.48e-17
7973.98	2.51e-17
7976.59	2.53e-17
7979.2	2.56e-17
7981.81	2.59e-17
7984.41	2.61e-17
7987.02	2.62e-17
7989.63	2.63e-17
7992.24	2.62e-17
7992.3	2.62e-17
7993.34	2.61e-17
7994.38	2.6e-17
7994.85	2.59e-17
7995.41	2.56e-17
7996.45	2.53e-17
7997.46	2.51e-17
7997.49	2.48e-17
7998.53	2.46e-17
7999.56	2.44e-17
8000.06	2.41e-17
8000.6	2.39e-17
8001.64	2.37e-17
8002.67	2.34e-17
8002.68	2.32e-17
8003.71	2.3e-17
8004.75	2.28e-17
8005.28	2.26e-17
8005.79	2.25e-17
8006.83	2.25e-17
8007.86	2.25e-17
8007.89	2.26e-17
8008.9	2.26e-17
8009.94	2.27e-17
8010.5	2.27e-17
8010.98	2.28e-17
8012.02	2.3e-17
8013.06	2.31e-17
8013.11	2.32e-17
8014.09	2.33e-17
8015.13	2.34e-17
8015.72	2.34e-17
8016.17	2.34e-17
8017.21	2.33e-17
8018.25	2.33e-17
8018.33	2.33e-17
8019.29	2.33e-17
8020.33	2.32e-17
8020.94	2.3e-17
8021.37	2.28e-17
8022.4	2.27e-17
8023.44	2.25e-17
8023.55	2.25e-17
8024.48	2.24e-17
8025.52	2.23e-17
8026.15	2.23e-17
8026.56	2.22e-17
8027.6	2.21e-17
8028.64	2.2e-17
8028.76	2.19e-17
8029.68	2.19e-17
8030.72	2.19e-17
8031.37	2.19e-17
8031.76	2.19e-17
8032.8	2.2e-17
8033.84	2.2e-17
8033.98	2.22e-17
8034.88	2.24e-17
8035.92	2.25e-17
8036.59	2.27e-17
8036.96	2.28e-17
8038.0	2.29e-17
8039.04	2.29e-17
8039.2	2.3e-17
8040.08	2.32e-17
8041.12	2.34e-17
8041.81	2.36e-17
8042.16	2.39e-17
8043.2	2.41e-17
8044.24	2.42e-17
8044.42	2.43e-17
8045.28	2.43e-17
8046.33	2.43e-17
8047.03	2.43e-17
8047.37	2.44e-17
8048.41	2.45e-17
8049.45	2.46e-17
8049.64	2.47e-17
8050.49	2.47e-17
8051.53	2.47e-17
8052.25	2.47e-17
8052.57	2.47e-17
8053.61	2.47e-17
8054.66	2.47e-17
8054.86	2.48e-17
8055.7	2.5e-17
8056.74	2.52e-17
8057.47	2.55e-17
8057.78	2.57e-17
8058.82	2.59e-17
8059.86	2.61e-17
8060.08	2.62e-17
8060.91	2.63e-17
8061.95	2.64e-17
8062.69	2.65e-17
8062.99	2.66e-17
8064.03	2.68e-17
8065.08	2.69e-17
8065.31	2.69e-17
8066.12	2.69e-17
8067.16	2.69e-17
8067.92	2.68e-17
8068.2	2.67e-17
8069.25	2.66e-17
8070.29	2.65e-17
8070.53	2.65e-17
8071.33	2.64e-17
8072.37	2.63e-17
8073.14	2.63e-17
8073.42	2.62e-17
8074.46	2.61e-17
8075.5	2.6e-17
8075.75	2.59e-17
8076.55	2.58e-17
8077.59	2.57e-17
8078.36	2.56e-17
8078.63	2.56e-17
8079.68	2.56e-17
8080.72	2.55e-17
8080.97	2.55e-17
8081.76	2.54e-17
8082.81	2.53e-17
8083.58	2.52e-17
8083.85	2.51e-17
8084.89	2.51e-17
8085.94	2.5e-17
8086.19	2.5e-17
8086.98	2.49e-17
8088.03	2.48e-17
8088.8	2.46e-17
8089.07	2.45e-17
8090.12	2.44e-17
8091.16	2.43e-17
8091.42	2.42e-17
8092.2	2.42e-17
8093.25	2.41e-17
8094.03	2.39e-17
8094.29	2.38e-17
8095.34	2.36e-17
8096.38	2.35e-17
8096.64	2.35e-17
8097.43	2.34e-17
8098.47	2.34e-17
8099.25	2.32e-17
8099.52	2.32e-17
8100.56	2.31e-17
8101.61	2.31e-17
8101.86	2.31e-17
8102.65	2.31e-17
8103.7	2.32e-17
8104.47	2.33e-17
8104.74	2.34e-17
8105.79	2.35e-17
8106.83	2.35e-17
8107.09	2.36e-17
8107.88	2.37e-17
8108.92	2.39e-17
8109.7	2.4e-17
8109.97	2.41e-17
8111.02	2.42e-17
8112.06	2.42e-17
8112.31	2.42e-17
8113.11	2.42e-17
8114.15	2.41e-17
8114.92	2.41e-17
8115.2	2.39e-17
8116.25	2.38e-17
8117.29	2.37e-17
8117.53	2.36e-17
8118.34	2.35e-17
8119.39	2.34e-17
8120.15	2.33e-17
8120.43	2.33e-17
8121.48	2.33e-17
8122.52	2.33e-17
8122.76	2.33e-17
8123.57	2.33e-17
8124.62	2.34e-17
8125.37	2.35e-17
8125.67	2.37e-17
8126.71	2.38e-17
8127.76	2.4e-17
8127.98	2.42e-17
8128.81	2.44e-17
8129.85	2.46e-17
8130.6	2.48e-17
8130.9	2.5e-17
8131.95	2.52e-17
8133.0	2.54e-17
8133.21	2.55e-17
8134.04	2.56e-17
8135.09	2.58e-17
8135.82	2.59e-17
8136.14	2.6e-17
8137.19	2.61e-17
8138.23	2.61e-17
8138.43	2.6e-17
8139.28	2.58e-17
8140.33	2.57e-17
8141.05	2.54e-17
8141.38	2.52e-17
8142.43	2.49e-17
8143.47	2.47e-17
8143.66	2.45e-17
8144.52	2.42e-17
8145.57	2.39e-17
8146.27	2.36e-17
8146.62	2.33e-17
8147.67	2.31e-17
8148.72	2.29e-17
8148.89	2.28e-17
8149.77	2.27e-17
8150.81	2.26e-17
8151.5	2.26e-17
8151.86	2.27e-17
8152.91	2.28e-17
8153.96	2.3e-17
8154.11	2.32e-17
8155.01	2.34e-17
8156.06	2.36e-17
8156.73	2.38e-17
8157.11	2.4e-17
8158.16	2.41e-17
8159.21	2.43e-17
8159.34	2.44e-17
8160.26	2.44e-17
8161.31	2.44e-17
8161.95	2.44e-17
8162.36	2.43e-17
8163.41	2.42e-17
8164.46	2.41e-17
8164.57	2.4e-17
8165.5	2.38e-17
8166.55	2.37e-17
8167.18	2.36e-17
8167.6	2.35e-17
8168.66	2.33e-17
8169.71	2.33e-17
8169.79	2.33e-17
8170.76	2.33e-17
8171.81	2.34e-17
8172.41	2.35e-17
8172.86	2.36e-17
8173.91	2.36e-17
8174.96	2.37e-17
8175.02	2.37e-17
8176.01	2.38e-17
8177.06	2.4e-17
8177.64	2.41e-17
8178.11	2.43e-17
8179.16	2.44e-17
8180.21	2.45e-17
8180.25	2.46e-17
8181.26	2.47e-17
8182.31	2.48e-17
8182.86	2.49e-17
8183.36	2.5e-17
8184.42	2.51e-17
8185.47	2.52e-17
8185.48	2.53e-17
8186.52	2.54e-17
8187.57	2.54e-17
8188.09	2.55e-17
8188.62	2.56e-17
8189.67	2.56e-17
8190.71	2.57e-17
8190.72	2.58e-17
8191.78	2.58e-17
8192.83	2.59e-17
8193.32	2.6e-17
8193.88	2.62e-17
8194.93	2.63e-17
8195.94	2.65e-17
8195.98	2.66e-17
8197.04	2.67e-17
8198.09	2.67e-17
8198.55	2.68e-17
8199.14	2.69e-17
8200.19	2.69e-17
8201.17	2.7e-17
8201.25	2.7e-17
8202.3	2.7e-17
8203.35	2.7e-17
8203.78	2.69e-17
8204.4	2.68e-17
8205.46	2.67e-17
8206.39	2.66e-17
8206.51	2.66e-17
8207.56	2.65e-17
8208.62	2.65e-17
8209.01	2.64e-17
8209.67	2.63e-17
8210.72	2.62e-17
8211.62	2.61e-17
8211.78	2.6e-17
8212.83	2.59e-17
8213.88	2.58e-17
8214.24	2.58e-17
8214.94	2.57e-17
8215.99	2.56e-17
8216.85	2.55e-17
8217.04	2.54e-17
8218.1	2.53e-17
8219.15	2.53e-17
8219.47	2.53e-17
8220.2	2.53e-17
8221.26	2.53e-17
8222.08	2.54e-17
8222.31	2.54e-17
8223.37	2.55e-17
8224.42	2.56e-17
8224.7	2.57e-17
8225.48	2.58e-17
8226.53	2.59e-17
8227.32	2.59e-17
8227.58	2.6e-17
8228.64	2.6e-17
8229.69	2.6e-17
8229.93	2.6e-17
8230.75	2.6e-17
8231.8	2.6e-17
8232.55	2.59e-17
8232.86	2.58e-17
8233.91	2.57e-17
8234.97	2.56e-17
8235.16	2.55e-17
8236.02	2.54e-17
8237.08	2.52e-17
8237.78	2.51e-17
8238.13	2.49e-17
8239.19	2.47e-17
8240.24	2.46e-17
8240.39	2.44e-17
8241.3	2.43e-17
8242.35	2.41e-17
8243.01	2.4e-17
8243.41	2.38e-17
8244.47	2.37e-17
8245.52	2.36e-17
8245.62	2.35e-17
8246.58	2.35e-17
8247.63	2.35e-17
8248.24	2.35e-17
8248.69	2.35e-17
8249.74	2.35e-17
8250.8	2.34e-17
8250.86	2.35e-17
8251.86	2.35e-17
8252.91	2.36e-17
8253.47	2.36e-17
8253.97	2.37e-17
8255.03	2.38e-17
8256.08	2.38e-17
8256.09	2.38e-17
8257.14	2.37e-17
8258.2	2.37e-17
8258.71	2.36e-17
8259.25	2.35e-17
8260.31	2.34e-17
8261.32	2.32e-17
8261.37	2.3e-17
8262.42	2.28e-17
8263.48	2.25e-17
8263.94	2.23e-17
8264.54	2.21e-17
8265.59	2.19e-17
8266.55	2.17e-17
8266.65	2.16e-17
8267.71	2.14e-17
8268.77	2.12e-17
8269.17	2.11e-17
8269.82	2.1e-17
8270.88	2.09e-17
8271.79	2.09e-17
8271.94	2.09e-17
8273.0	2.1e-17
8274.06	2.11e-17
8274.4	2.12e-17
8275.11	2.13e-17
8276.17	2.14e-17
8277.02	2.16e-17
8277.23	2.18e-17
8278.29	2.2e-17
8279.35	2.22e-17
8279.64	2.24e-17
8280.4	2.26e-17
8281.46	2.28e-17
8282.25	2.31e-17
8282.52	2.33e-17
8283.58	2.35e-17
8284.64	2.37e-17
8284.87	2.38e-17
8285.7	2.38e-17
8286.76	2.39e-17
8287.49	2.39e-17
8287.81	2.38e-17
8288.87	2.38e-17
8289.93	2.38e-17
8290.11	2.38e-17
8290.99	2.37e-17
8292.05	2.36e-17
8292.72	2.34e-17
8293.11	2.32e-17
8294.17	2.3e-17
8295.23	2.28e-17
8295.34	2.26e-17
8296.29	2.25e-17
8297.35	2.25e-17
8297.96	2.25e-17
8298.41	2.26e-17
8299.47	2.28e-17
8300.53	2.29e-17
8300.57	2.29e-17
8301.59	2.3e-17
8302.65	2.31e-17
8303.19	2.32e-17
8303.71	2.33e-17
8304.77	2.35e-17
8305.81	2.36e-17
8305.83	2.38e-17
8306.89	2.39e-17
8307.95	2.39e-17
8308.43	2.39e-17
8309.01	2.38e-17
8310.07	2.37e-17
8311.04	2.37e-17
8311.13	2.36e-17
8312.19	2.35e-17
8313.25	2.34e-17
8313.66	2.34e-17
8314.31	2.33e-17
8315.37	2.33e-17
8316.28	2.32e-17
8316.43	2.31e-17
8317.49	2.3e-17
8318.55	2.29e-17
8318.9	2.29e-17
8319.61	2.29e-17
8320.68	2.3e-17
8321.52	2.31e-17
8321.74	2.32e-17
8322.8	2.34e-17
8323.86	2.35e-17
8324.13	2.37e-17
8324.92	2.38e-17
8325.98	2.39e-17
8326.75	2.4e-17
8327.04	2.41e-17
8328.11	2.42e-17
8329.17	2.43e-17
8329.37	2.44e-17
8330.23	2.45e-17
8331.29	2.46e-17
8331.99	2.47e-17
8332.35	2.48e-17
8333.42	2.49e-17
8334.48	2.5e-17
8334.61	2.52e-17
8335.54	2.54e-17
8336.6	2.56e-17
8337.22	2.59e-17
8337.66	2.62e-17
8338.73	2.66e-17
8339.79	2.69e-17
8339.84	2.73e-17
8340.85	2.77e-17
8341.92	2.81e-17
8342.46	2.83e-17
8342.98	2.84e-17
8344.04	2.85e-17
8345.08	2.85e-17
8345.1	2.85e-17
8346.17	2.85e-17
8347.23	2.83e-17
8347.7	2.81e-17
8348.29	2.78e-17
8349.36	2.74e-17
8350.32	2.69e-17
8350.42	2.64e-17
8351.48	2.58e-17
8352.55	2.53e-17
8352.94	2.48e-17
8353.61	2.44e-17
8354.67	2.4e-17
8355.55	2.36e-17
8355.74	2.32e-17
8356.8	2.29e-17
8357.87	2.26e-17
8358.17	2.24e-17
8358.93	2.21e-17
8359.99	2.19e-17
8360.79	2.17e-17
8361.06	2.16e-17
8362.12	2.16e-17
8363.19	2.16e-17
8363.41	2.16e-17
8364.25	2.16e-17
8365.31	2.16e-17
8366.03	2.16e-17
8366.38	2.16e-17
8367.44	2.17e-17
8368.51	2.18e-17
8368.65	2.19e-17
8369.57	2.2e-17
8370.64	2.22e-17
8371.27	2.23e-17
8371.7	2.25e-17
8372.77	2.26e-17
8373.83	2.28e-17
8373.89	2.31e-17
8374.9	2.34e-17
8375.96	2.36e-17
8376.51	2.38e-17
8377.03	2.4e-17
8378.09	2.41e-17
8379.13	2.42e-17
8379.16	2.43e-17
8380.22	2.44e-17
8381.29	2.46e-17
8381.75	2.47e-17
8382.35	2.49e-17
8383.42	2.5e-17
8384.36	2.5e-17
8384.49	2.5e-17
8385.55	2.5e-17
8386.62	2.49e-17
8386.98	2.48e-17
8387.68	2.48e-17
8388.75	2.47e-17
8389.6	2.46e-17
8389.82	2.45e-17
8390.88	2.44e-17
8391.95	2.42e-17
8392.22	2.41e-17
8393.02	2.39e-17
8394.08	2.38e-17
8394.84	2.38e-17
8395.15	2.37e-17
8396.21	2.36e-17
8397.28	2.35e-17
8397.46	2.35e-17
8398.35	2.35e-17
8399.41	2.34e-17
8400.08	2.34e-17
8400.48	2.34e-17
8401.55	2.33e-17
8402.62	2.32e-17
8402.7	2.3e-17
8403.68	2.28e-17
8404.75	2.26e-17
8405.32	2.25e-17
8405.82	2.24e-17
8406.88	2.23e-17
8407.94	2.22e-17
8407.95	2.21e-17
8409.02	2.21e-17
8410.09	2.2e-17
8410.56	2.2e-17
8411.15	2.19e-17
8412.22	2.19e-17
8413.18	2.19e-17
8413.29	2.2e-17
8414.36	2.21e-17
8415.43	2.22e-17
8415.8	2.23e-17
8416.49	2.23e-17
8417.56	2.24e-17
8418.42	2.25e-17
8418.63	2.26e-17
8419.7	2.26e-17
8420.77	2.27e-17
8421.04	2.28e-17
8421.84	2.3e-17
8422.9	2.32e-17
8423.67	2.34e-17
8423.97	2.36e-17
8425.04	2.38e-17
8426.11	2.4e-17
8426.29	2.41e-17
8427.18	2.42e-17
8428.25	2.42e-17
8428.91	2.43e-17
8429.32	2.44e-17
8430.39	2.46e-17
8431.45	2.47e-17
8431.53	2.47e-17
8432.52	2.47e-17
8433.59	2.46e-17
8434.15	2.44e-17
8434.66	2.43e-17
8435.73	2.42e-17
8436.77	2.41e-17
8436.8	2.4e-17
8437.87	2.39e-17
8438.94	2.38e-17
8439.39	2.37e-17
8440.01	2.36e-17
8441.08	2.34e-17
8442.01	2.33e-17
8442.15	2.32e-17
8443.22	2.31e-17
8444.29	2.3e-17
8444.63	2.3e-17
8445.36	2.29e-17
8446.43	2.29e-17
8447.25	2.29e-17
8447.5	2.28e-17
8448.57	2.28e-17
8449.64	2.27e-17
8449.87	2.26e-17
8450.71	2.26e-17
8451.78	2.26e-17
8452.49	2.25e-17
8452.85	2.25e-17
8453.92	2.25e-17
8454.99	2.25e-17
8455.12	2.27e-17
8456.06	2.29e-17
8457.14	2.31e-17
8457.74	2.35e-17
8458.21	2.38e-17
8459.28	2.42e-17
8460.35	2.46e-17
8460.36	2.49e-17
8461.42	2.53e-17
8462.49	2.56e-17
8462.98	2.59e-17
8463.56	2.63e-17
8464.63	2.65e-17
8465.6	2.67e-17
8465.7	2.68e-17
8466.78	2.68e-17
8467.85	2.67e-17
8468.22	2.65e-17
8468.92	2.63e-17
8469.99	2.61e-17
8470.84	2.59e-17
8471.06	2.56e-17
8472.14	2.52e-17
8473.21	2.5e-17
8473.47	2.48e-17
8474.28	2.46e-17
8475.35	2.44e-17
8476.09	2.42e-17
8476.42	2.4e-17
8477.5	2.39e-17
8478.57	2.39e-17
8478.71	2.4e-17
8479.64	2.4e-17
8480.71	2.41e-17
8481.33	2.41e-17
8481.79	2.42e-17
8482.86	2.42e-17
8483.93	2.42e-17
8483.95	2.42e-17
8485.0	2.41e-17
8486.08	2.41e-17
8486.57	2.41e-17
8487.15	2.4e-17
8488.22	2.39e-17
8489.2	2.39e-17
8489.3	2.38e-17
8490.37	2.38e-17
8491.44	2.38e-17
8491.82	2.38e-17
8492.52	2.4e-17
8493.59	2.41e-17
8494.44	2.42e-17
8494.66	2.44e-17
8495.74	2.45e-17
8496.81	2.46e-17
8497.06	2.47e-17
8497.88	2.48e-17
8498.96	2.49e-17
8499.69	2.49e-17
8500.03	2.49e-17
8501.11	2.49e-17
8502.18	2.48e-17
8502.31	2.47e-17
8503.25	2.46e-17
8504.33	2.44e-17
8504.93	2.43e-17
8505.4	2.43e-17
8506.48	2.43e-17
8507.55	2.43e-17
8507.55	2.43e-17
8508.63	2.43e-17
8509.7	2.43e-17
8510.18	2.42e-17
8510.78	2.42e-17
8511.85	2.42e-17
8512.8	2.42e-17
8512.92	2.42e-17
8514.0	2.41e-17
8515.07	2.4e-17
8515.42	2.39e-17
8516.15	2.37e-17
8517.22	2.36e-17
8518.04	2.34e-17
8518.3	2.33e-17
8519.37	2.32e-17
8520.45	2.3e-17
8520.67	2.29e-17
8521.53	2.28e-17
8522.6	2.28e-17
8523.29	2.28e-17
8523.68	2.28e-17
8524.75	2.28e-17
8525.83	2.28e-17
8525.91	2.28e-17
8526.9	2.28e-17
8527.98	2.28e-17
8528.53	2.29e-17
8529.06	2.29e-17
8530.13	2.3e-17
8531.16	2.3e-17
8531.21	2.29e-17
8532.28	2.29e-17
8533.36	2.28e-17
8533.78	2.28e-17
8534.44	2.27e-17
8535.51	2.25e-17
8536.4	2.24e-17
8536.59	2.23e-17
8537.67	2.22e-17
8538.74	2.22e-17
8539.03	2.21e-17
8539.82	2.21e-17
8540.9	2.2e-17
8541.65	2.2e-17
8541.97	2.19e-17
8543.05	2.19e-17
8544.13	2.19e-17
8544.27	2.19e-17
8545.2	2.19e-17
8546.28	2.18e-17
8546.9	2.18e-17
8547.36	2.17e-17
8548.43	2.16e-17
8549.51	2.16e-17
8549.52	2.15e-17
8550.59	2.15e-17
8551.67	2.15e-17
8552.14	2.15e-17
8552.74	2.14e-17
8553.82	2.14e-17
8554.77	2.14e-17
8554.9	2.15e-17
8555.98	2.16e-17
8557.05	2.17e-17
8557.39	2.19e-17
8558.13	2.2e-17
8559.21	2.2e-17
8560.01	2.21e-17
8560.29	2.21e-17
8561.37	2.22e-17
8562.45	2.23e-17
8562.64	2.25e-17
8563.52	2.27e-17
8564.6	2.29e-17
8565.26	2.3e-17
8565.68	2.31e-17
8566.76	2.32e-17
8567.84	2.32e-17
8567.88	2.32e-17
8568.92	2.32e-17
8569.99	2.32e-17
8570.51	2.32e-17
8571.07	2.32e-17
8572.15	2.31e-17
8573.13	2.3e-17
8573.23	2.28e-17
8574.31	2.26e-17
8575.39	2.25e-17
8575.76	2.23e-17
8576.47	2.23e-17
8577.55	2.23e-17
8578.38	2.23e-17
8578.63	2.24e-17
8579.71	2.25e-17
8580.79	2.26e-17
8581.0	2.28e-17
8581.87	2.3e-17
8582.95	2.32e-17
8583.63	2.34e-17
8584.02	2.36e-17
8585.1	2.38e-17
8586.18	2.39e-17
8586.25	2.4e-17
8587.26	2.4e-17
8588.34	2.4e-17
8588.88	2.4e-17
8589.42	2.4e-17
8590.5	2.4e-17
8591.5	2.39e-17
8591.58	2.39e-17
8592.67	2.39e-17
8593.75	2.39e-17
8594.13	2.4e-17
8594.83	2.41e-17
8595.91	2.42e-17
8596.75	2.44e-17
8596.99	2.46e-17
8598.07	2.48e-17
8599.15	2.49e-17
8599.37	2.51e-17
8600.23	2.53e-17
8601.31	2.54e-17
8602.0	2.55e-17
8602.39	2.55e-17
8603.47	2.55e-17
8604.55	2.54e-17
8604.62	2.52e-17
8605.63	2.5e-17
8606.72	2.47e-17
8607.25	2.44e-17
8607.8	2.41e-17
8608.88	2.39e-17
8609.87	2.36e-17
8609.96	2.33e-17
8611.04	2.3e-17
8612.12	2.27e-17
8612.5	2.25e-17
8613.2	2.23e-17
8614.29	2.22e-17
8615.12	2.21e-17
8615.37	2.22e-17
8616.45	2.22e-17
8617.53	2.23e-17
8617.75	2.25e-17
8618.61	2.26e-17
8619.7	2.28e-17
8620.37	2.29e-17
8620.78	2.3e-17
8621.86	2.31e-17
8622.94	2.32e-17
8623.0	2.33e-17
8624.03	2.34e-17
8625.11	2.34e-17
8625.62	2.34e-17
8626.19	2.34e-17
8627.27	2.33e-17
8628.25	2.33e-17
8628.36	2.32e-17
8629.44	2.31e-17
8630.52	2.3e-17
8630.87	2.31e-17
8631.6	2.31e-17
8632.69	2.32e-17
8633.5	2.32e-17
8633.77	2.33e-17
8634.85	2.34e-17
8635.94	2.35e-17
8636.12	2.36e-17
8637.02	2.38e-17
8638.1	2.39e-17
8638.75	2.4e-17
8639.19	2.41e-17
8640.27	2.42e-17
8641.35	2.43e-17
8641.37	2.42e-17
8642.44	2.42e-17
8643.52	2.42e-17
8644.0	2.41e-17
8644.61	2.4e-17
8645.69	2.4e-17
8646.62	2.38e-17
8646.77	2.36e-17
8647.86	2.34e-17
8648.94	2.33e-17
8649.25	2.31e-17
8650.03	2.29e-17
8651.11	2.27e-17
8651.87	2.24e-17
8652.19	2.22e-17
8653.28	2.19e-17
8654.36	2.17e-17
8654.5	2.15e-17
8655.45	2.12e-17
8656.53	2.1e-17
8657.13	2.08e-17
8657.62	2.06e-17
8658.7	2.04e-17
8659.75	2.03e-17
8659.79	2.01e-17
8660.87	2.01e-17
8661.96	2e-17
8662.38	2e-17
8663.04	2e-17
8664.13	2e-17
8665.0	2.01e-17
8665.21	2.02e-17
8666.3	2.03e-17
8667.38	2.03e-17
8667.63	2.04e-17
8668.47	2.05e-17
8669.55	2.06e-17
8670.25	2.06e-17
8670.64	2.07e-17
8671.72	2.08e-17
8672.81	2.09e-17
8672.88	2.1e-17
8673.9	2.1e-17
8674.98	2.11e-17
8675.51	2.12e-17
8676.07	2.14e-17
8677.15	2.16e-17
8678.13	2.18e-17
8678.24	2.19e-17
8679.33	2.21e-17
8680.41	2.22e-17
8680.76	2.25e-17
8681.5	2.27e-17
8682.58	2.3e-17
8683.38	2.32e-17
8683.67	2.35e-17
8684.76	2.38e-17
8685.84	2.39e-17
8686.01	2.39e-17
8686.93	2.39e-17
8688.02	2.39e-17
8688.64	2.39e-17
8689.1	2.39e-17
8690.19	2.4e-17
8691.26	2.4e-17
8691.28	2.4e-17
8692.37	2.39e-17
8693.45	2.38e-17
8693.89	2.38e-17
8694.54	2.38e-17
8695.63	2.38e-17
8696.52	2.39e-17
8696.71	2.41e-17
8697.8	2.43e-17
8698.89	2.44e-17
8699.14	2.45e-17
8699.98	2.46e-17
8701.06	2.46e-17
8701.77	2.46e-17
8702.15	2.47e-17
8703.24	2.47e-17
8704.33	2.46e-17
8704.4	2.46e-17
8705.42	2.45e-17
8706.5	2.44e-17
8707.02	2.43e-17
8707.59	2.42e-17
8708.68	2.42e-17
8709.65	2.41e-17
8709.77	2.41e-17
8710.86	2.41e-17
8711.94	2.41e-17
8712.28	2.4e-17
8713.03	2.41e-17
8714.12	2.41e-17
8714.9	2.42e-17
8715.21	2.43e-17
8716.3	2.43e-17
8717.39	2.44e-17
8717.53	2.44e-17
8718.48	2.43e-17
8719.56	2.42e-17
8720.16	2.41e-17
8720.65	2.4e-17
8721.74	2.4e-17
8722.78	2.39e-17
8722.83	2.39e-17
8723.92	2.39e-17
8725.01	2.38e-17
8725.41	2.38e-17
8726.1	2.38e-17
8727.19	2.37e-17
8728.04	2.38e-17
8728.28	2.38e-17
8729.37	2.4e-17
8730.46	2.41e-17
8730.66	2.43e-17
8731.55	2.45e-17
8732.64	2.47e-17
8733.29	2.5e-17
8733.73	2.53e-17
8734.82	2.55e-17
8735.91	2.57e-17
8735.92	2.59e-17
8737.0	2.59e-17
8738.09	2.6e-17
8739.18	2.6e-17
8740.27	2.6e-17
8741.36	2.59e-17
8742.45	2.57e-17
8743.54	2.54e-17
8744.63	2.5e-17
8745.72	2.46e-17
8746.81	2.42e-17
8747.9	2.38e-17
8748.99	2.36e-17
8750.08	2.34e-17
8751.17	2.32e-17
8752.26	2.29e-17
8753.36	2.26e-17
8754.45	2.22e-17
8755.54	2.19e-17
8756.63	2.16e-17
8757.72	2.13e-17
8758.81	2.1e-17
8759.9	2.06e-17
8761.0	2.01e-17
8762.09	1.96e-17
8763.18	1.9e-17
8764.27	1.86e-17
8765.36	1.82e-17
8766.45	1.8e-17
8767.55	1.78e-17
8768.64	1.76e-17
8769.73	1.76e-17
8770.82	1.76e-17
8771.92	1.78e-17
8773.01	1.81e-17
8774.1	1.86e-17
8775.19	1.91e-17
8776.29	1.96e-17
8777.38	2.03e-17
8778.47	2.09e-17
8779.56	2.16e-17
8780.66	2.24e-17
8781.75	2.31e-17
8782.84	2.39e-17
8783.94	2.45e-17
8785.03	2.52e-17
8786.12	2.57e-17
8787.22	2.62e-17
8788.31	2.68e-17
8789.4	2.74e-17
8790.5	2.79e-17
8791.59	2.85e-17
8792.68	2.9e-17
8793.78	2.94e-17
8794.87	3e-17
8795.96	3.05e-17
8797.06	3.11e-17
8798.15	3.19e-17
8799.25	3.27e-17
8800.34	3.35e-17
8801.44	3.44e-17
8802.53	3.52e-17
8803.62	3.61e-17
8804.72	3.7e-17
8805.81	3.79e-17
8806.91	3.88e-17
8808.0	3.98e-17
8809.1	4.08e-17
8810.19	4.18e-17
8811.29	4.28e-17
8812.38	4.37e-17
8813.48	4.47e-17
8814.57	4.57e-17
8815.67	4.66e-17
8816.76	4.75e-17
8817.86	4.85e-17
8818.95	4.94e-17
8820.05	5.06e-17
8821.15	5.17e-17
8822.24	5.26e-17
8823.34	5.34e-17
8824.43	5.45e-17
8825.53	5.54e-17
8826.62	5.63e-17
8827.72	5.74e-17
8828.82	5.85e-17
8829.91	5.96e-17
8831.01	6.07e-17
8832.1	6.17e-17
8833.2	6.25e-17
8834.3	6.31e-17
8835.39	6.36e-17
8836.49	6.39e-17
8837.59	6.41e-17
8838.68	6.39e-17
8839.78	6.37e-17
8840.88	6.32e-17
8841.97	6.25e-17
8843.07	6.14e-17
8844.17	5.99e-17
8845.27	5.78e-17
8846.36	5.54e-17
8847.46	5.29e-17
8848.56	5.02e-17
8849.66	4.76e-17
8850.75	4.54e-17
8851.85	4.31e-17
8852.95	4.1e-17
8854.05	3.89e-17
8855.14	3.69e-17
8856.24	3.5e-17
8857.34	3.34e-17
8858.44	3.2e-17
8859.54	3.11e-17
8860.63	3.06e-17
8861.73	3e-17
8862.83	2.96e-17
8863.93	2.92e-17
8865.03	2.87e-17
8866.13	2.85e-17
8867.22	2.82e-17
8868.32	2.8e-17
8869.42	2.79e-17
8870.52	2.78e-17
8871.62	2.76e-17
8872.72	2.74e-17
8873.82	2.73e-17
8874.92	2.71e-17
8876.02	2.73e-17
8877.11	2.74e-17
8878.21	2.75e-17
8879.31	2.76e-17
8880.41	2.76e-17
8881.51	2.76e-17
8882.61	2.75e-17
8883.71	2.74e-17
8884.81	2.73e-17
8885.91	2.72e-17
8887.01	2.71e-17
8888.11	2.71e-17
8889.21	2.7e-17
8890.31	2.69e-17
8891.41	2.67e-17
8892.51	2.65e-17
8893.61	2.63e-17
8894.71	2.61e-17
8895.81	2.59e-17
8896.91	2.56e-17
8898.01	2.52e-17
8899.11	2.48e-17
8900.21	2.44e-17
8901.32	2.41e-17
8902.42	2.37e-17
8903.52	2.35e-17
8904.62	2.33e-17
8905.72	2.32e-17
8906.82	2.31e-17
8907.92	2.31e-17
8909.02	2.33e-17
8910.12	2.35e-17
8911.23	2.38e-17
8912.33	2.43e-17
8913.43	2.47e-17
8914.53	2.51e-17
8915.63	2.55e-17
8916.73	2.58e-17
8917.84	2.6e-17
8918.94	2.62e-17
8920.04	2.63e-17
8921.14	2.64e-17
8922.24	2.64e-17
8923.35	2.64e-17
8924.45	2.63e-17
8925.55	2.61e-17
8926.65	2.6e-17
8927.76	2.58e-17
8928.86	2.57e-17
8929.96	2.56e-17
8931.06	2.56e-17
8932.17	2.55e-17
8933.27	2.55e-17
8934.37	2.55e-17
8935.48	2.55e-17
8936.58	2.55e-17
8937.68	2.54e-17
8938.78	2.53e-17
8939.89	2.51e-17
8940.99	2.5e-17
8942.09	2.5e-17
8943.2	2.5e-17
8944.3	2.5e-17
8945.41	2.51e-17
8946.51	2.51e-17
8947.61	2.51e-17
8948.72	2.51e-17
8949.82	2.52e-17
8950.92	2.53e-17
8952.03	2.55e-17
8953.13	2.57e-17
8954.24	2.59e-17
8955.34	2.61e-17
8956.45	2.61e-17
8957.55	2.62e-17
8958.65	2.62e-17
8959.76	2.62e-17
8960.86	2.63e-17
8961.97	2.62e-17
8963.07	2.62e-17
8964.18	2.6e-17
8965.28	2.58e-17
8966.39	2.56e-17
8967.49	2.54e-17
8968.6	2.52e-17
8969.7	2.51e-17
8970.81	2.5e-17
8971.91	2.5e-17
8973.02	2.49e-17
8974.12	2.48e-17
8975.23	2.47e-17
8976.34	2.47e-17
8977.44	2.48e-17
8978.55	2.49e-17
8979.65	2.5e-17
8980.76	2.51e-17
8981.86	2.51e-17
8982.97	2.5e-17
8984.08	2.49e-17
8985.18	2.48e-17
8986.29	2.46e-17
8987.4	2.45e-17
8988.5	2.44e-17
8989.61	2.42e-17
8990.71	2.41e-17
8991.82	2.39e-17
8992.93	2.38e-17
8994.03	2.37e-17
8995.14	2.36e-17
8996.25	2.37e-17
8997.36	2.37e-17
8998.46	2.39e-17
8999.57	2.4e-17
9000.68	2.41e-17
9001.78	2.43e-17
9002.89	2.44e-17
9004.0	2.45e-17
9005.11	2.45e-17
9006.21	2.45e-17
9007.32	2.45e-17
9008.43	2.44e-17
9009.54	2.43e-17
9010.64	2.41e-17
9011.75	2.39e-17
9012.86	2.37e-17
9013.97	2.34e-17
9015.08	2.31e-17
9016.18	2.29e-17
9017.29	2.26e-17
9018.4	2.23e-17
9019.51	2.22e-17
9020.62	2.21e-17
9021.73	2.21e-17
9022.83	2.21e-17
9023.94	2.23e-17
9025.05	2.25e-17
9026.16	2.26e-17
9027.27	2.28e-17
9028.38	2.31e-17
9029.49	2.33e-17
9030.6	2.35e-17
9031.71	2.38e-17
9032.81	2.4e-17
9033.92	2.42e-17
9035.03	2.43e-17
9036.14	2.44e-17
9037.25	2.45e-17
9038.36	2.46e-17
9039.47	2.47e-17
9040.58	2.49e-17
9041.69	2.51e-17
9042.8	2.53e-17
9043.91	2.55e-17
9045.02	2.57e-17
9046.13	2.59e-17
9047.24	2.61e-17
9048.35	2.63e-17
9049.46	2.64e-17
9050.57	2.65e-17
9051.68	2.66e-17
9052.79	2.67e-17
9053.9	2.66e-17
9055.01	2.65e-17
9056.12	2.64e-17
9057.23	2.62e-17
9058.34	2.59e-17
9059.46	2.57e-17
9060.57	2.56e-17
9061.68	2.56e-17
9062.79	2.56e-17
9063.9	2.56e-17
9065.01	2.56e-17
9066.12	2.55e-17
9067.23	2.55e-17
9068.34	2.55e-17
9069.46	2.55e-17
9070.57	2.56e-17
9071.68	2.58e-17
9072.79	2.59e-17
9073.9	2.59e-17
9075.01	2.59e-17
9076.13	2.58e-17
9077.24	2.57e-17
9078.35	2.57e-17
9079.46	2.57e-17
9080.58	2.57e-17
9081.69	2.57e-17
9082.8	2.58e-17
9083.91	2.58e-17
9085.02	2.58e-17
9086.14	2.59e-17
9087.25	2.6e-17
9088.36	2.62e-17
9089.48	2.64e-17
9090.59	2.65e-17
9091.7	2.66e-17
9092.81	2.66e-17
9093.93	2.67e-17
9095.04	2.68e-17
9096.15	2.68e-17
9097.27	2.69e-17
9098.38	2.69e-17
9099.49	2.69e-17
9100.61	2.69e-17
9101.72	2.68e-17
9102.83	2.67e-17
9103.95	2.68e-17
9105.06	2.68e-17
9106.17	2.69e-17
9107.29	2.7e-17
9108.4	2.71e-17
9109.52	2.71e-17
9110.63	2.72e-17
9111.74	2.72e-17
9112.86	2.72e-17
9113.97	2.73e-17
9115.09	2.74e-17
9116.2	2.74e-17
9117.32	2.74e-17
9118.43	2.73e-17
9119.55	2.72e-17
9120.66	2.7e-17
9121.77	2.69e-17
9122.89	2.68e-17
9124.0	2.66e-17
9125.12	2.64e-17
9126.23	2.62e-17
9127.35	2.59e-17
9128.46	2.57e-17
9129.58	2.54e-17
9130.69	2.53e-17
9131.81	2.51e-17
9132.93	2.49e-17
9134.04	2.46e-17
9135.16	2.44e-17
9136.27	2.43e-17
9137.39	2.43e-17
9138.5	2.43e-17
9139.62	2.44e-17
9140.74	2.45e-17
9141.85	2.46e-17
9142.97	2.47e-17
9144.08	2.49e-17
9145.2	2.5e-17
9146.32	2.52e-17
9147.43	2.54e-17
9148.55	2.56e-17
9149.67	2.56e-17
9150.78	2.56e-17
9151.9	2.55e-17
9153.02	2.54e-17
9154.13	2.53e-17
9155.25	2.52e-17
9156.37	2.51e-17
9157.48	2.49e-17
9158.6	2.47e-17
9159.72	2.46e-17
9160.83	2.45e-17
9161.95	2.44e-17
9163.07	2.44e-17
9164.19	2.45e-17
9165.3	2.46e-17
9166.42	2.48e-17
9167.54	2.5e-17
9168.66	2.52e-17
9169.77	2.54e-17
9170.89	2.55e-17
9172.01	2.56e-17
9173.13	2.57e-17
9174.25	2.56e-17
9175.36	2.55e-17
9176.48	2.54e-17
9177.6	2.53e-17
9178.72	2.51e-17
9179.84	2.5e-17
9180.95	2.48e-17
9182.07	2.47e-17
9183.19	2.47e-17
9184.31	2.47e-17
9185.43	2.49e-17
9186.55	2.51e-17
9187.67	2.54e-17
9188.79	2.57e-17
9189.9	2.59e-17
9191.02	2.62e-17
9192.14	2.64e-17
9193.26	2.66e-17
9194.38	2.67e-17
9195.5	2.68e-17
9196.62	2.69e-17
9197.74	2.69e-17
9198.86	2.68e-17
9199.98	2.67e-17
9201.1	2.65e-17
9202.22	2.64e-17
9203.34	2.62e-17
9204.46	2.62e-17
9205.58	2.61e-17
9206.7	2.62e-17
9207.82	2.63e-17
9208.94	2.64e-17
9210.06	2.65e-17
9211.18	2.65e-17
9212.3	2.67e-17
9213.42	2.69e-17
9214.54	2.73e-17
9215.66	2.77e-17
9216.78	2.8e-17
9217.9	2.83e-17
9219.02	2.85e-17
9220.14	2.86e-17
9221.26	2.87e-17
9222.38	2.89e-17
9223.5	2.91e-17
9224.63	2.92e-17
9225.75	2.92e-17
9226.87	2.9e-17
9227.99	2.87e-17
9229.11	2.82e-17
9230.23	2.77e-17
9231.35	2.73e-17
9232.47	2.68e-17
9233.6	2.64e-17
9234.72	2.59e-17
9235.84	2.54e-17
9236.96	2.48e-17
9238.08	2.43e-17
9239.21	2.39e-17
9240.33	2.36e-17
9241.45	2.35e-17
9242.57	2.34e-17
9243.69	2.33e-17
9244.82	2.33e-17
9245.94	2.33e-17
9247.06	2.33e-17
9248.18	2.34e-17
9249.31	2.36e-17
9250.43	2.39e-17
9251.55	2.41e-17
9252.67	2.41e-17
9253.8	2.41e-17
9254.92	2.41e-17
9256.04	2.41e-17
9257.17	2.41e-17
9258.29	2.41e-17
9259.41	2.42e-17
9260.53	2.43e-17
9261.66	2.43e-17
9262.78	2.43e-17
9263.91	2.43e-17
9265.03	2.45e-17
9266.15	2.47e-17
9267.28	2.51e-17
9268.4	2.54e-17
9269.52	2.57e-17
9270.65	2.59e-17
9271.77	2.61e-17
9272.9	2.62e-17
9274.02	2.64e-17
9275.14	2.65e-17
9276.27	2.66e-17
9277.39	2.67e-17
9278.52	2.67e-17
9279.64	2.66e-17
9280.76	2.65e-17
9281.89	2.64e-17
9283.01	2.64e-17
9284.14	2.63e-17
9285.26	2.63e-17
9286.39	2.63e-17
9287.51	2.63e-17
9288.64	2.63e-17
9289.76	2.62e-17
9290.89	2.62e-17
9292.01	2.62e-17
9293.14	2.62e-17
9294.26	2.62e-17
9295.39	2.61e-17
9296.51	2.61e-17
9297.64	2.6e-17
9298.77	2.59e-17
9299.89	2.58e-17
9301.02	2.58e-17
9302.14	2.57e-17
9303.27	2.57e-17
9304.39	2.56e-17
9305.52	2.56e-17
9306.65	2.56e-17
9307.77	2.55e-17
9308.9	2.54e-17
9310.02	2.54e-17
9311.15	2.53e-17
9312.28	2.54e-17
9313.4	2.54e-17
9314.53	2.55e-17
9315.66	2.56e-17
9316.78	2.56e-17
9317.91	2.56e-17
9319.04	2.55e-17
9320.16	2.55e-17
9321.29	2.55e-17
9322.42	2.55e-17
9323.54	2.54e-17
9324.67	2.52e-17
9325.8	2.5e-17
9326.93	2.48e-17
9328.05	2.46e-17
9329.18	2.44e-17
9330.31	2.42e-17
9331.44	2.4e-17
9332.56	2.39e-17
9333.69	2.37e-17
9334.82	2.36e-17
9335.95	2.35e-17
9337.07	2.33e-17
9338.2	2.32e-17
9339.33	2.3e-17
9340.46	2.29e-17
9341.59	2.28e-17
9342.71	2.28e-17
9343.84	2.27e-17
9344.97	2.28e-17
9346.1	2.29e-17
9347.23	2.31e-17
9348.36	2.33e-17
9349.48	2.36e-17
9350.61	2.39e-17
9351.74	2.42e-17
9352.87	2.46e-17
9354.0	2.49e-17
9355.13	2.53e-17
9356.26	2.55e-17
9357.39	2.56e-17
9358.52	2.56e-17
9359.64	2.55e-17
9360.77	2.53e-17
9361.9	2.51e-17
9363.03	2.49e-17
9364.16	2.47e-17
9365.29	2.45e-17
9366.42	2.43e-17
9367.55	2.42e-17
9368.68	2.4e-17
9369.81	2.39e-17
9370.94	2.38e-17
9372.07	2.38e-17
9373.2	2.38e-17
9374.33	2.39e-17
9375.46	2.38e-17
9376.59	2.37e-17
9377.72	2.35e-17
9378.85	2.33e-17
9379.98	2.32e-17
9381.11	2.31e-17
9382.24	2.31e-17
9383.37	2.32e-17
9384.5	2.33e-17
9385.63	2.33e-17
9386.76	2.33e-17
9387.9	2.33e-17
9389.03	2.33e-17
9390.16	2.35e-17
9391.29	2.37e-17
9392.42	2.38e-17
9393.55	2.39e-17
9394.68	2.38e-17
9395.81	2.36e-17
9396.94	2.34e-17
9398.08	2.31e-17
9399.21	2.28e-17
9400.34	2.26e-17
9401.47	2.24e-17
9402.6	2.22e-17
9403.73	2.19e-17
9404.87	2.16e-17
9406.0	2.12e-17
9407.13	2.1e-17
9408.26	2.08e-17
9409.39	2.07e-17
9410.53	2.07e-17
9411.66	2.08e-17
9412.79	2.08e-17
9413.92	2.09e-17
9415.06	2.1e-17
9416.19	2.12e-17
9417.32	2.14e-17
9418.45	2.16e-17
9419.59	2.19e-17
9420.72	2.23e-17
9421.85	2.26e-17
9422.98	2.3e-17
9424.12	2.34e-17
9425.25	2.37e-17
9426.38	2.41e-17
9427.52	2.45e-17
9428.65	2.49e-17
9429.78	2.52e-17
9430.92	2.54e-17
9432.05	2.56e-17
9433.18	2.57e-17
9434.32	2.57e-17
9435.45	2.57e-17
9436.58	2.56e-17
9437.72	2.55e-17
9438.85	2.54e-17
9439.99	2.52e-17
9441.12	2.5e-17
9442.25	2.48e-17
9443.39	2.46e-17
9444.52	2.45e-17
9445.66	2.43e-17
9446.79	2.43e-17
9447.93	2.42e-17
9449.06	2.41e-17
9450.19	2.4e-17
9451.33	2.38e-17
9452.46	2.36e-17
9453.6	2.35e-17
9454.73	2.33e-17
9455.87	2.31e-17
9457.0	2.3e-17
9458.14	2.28e-17
9459.27	2.26e-17
9460.41	2.24e-17
9461.54	2.23e-17
9462.68	2.22e-17
9463.81	2.22e-17
9464.95	2.22e-17
9466.08	2.22e-17
9467.22	2.22e-17
9468.36	2.21e-17
9469.49	2.2e-17
9470.63	2.19e-17
9471.76	2.17e-17
9472.9	2.16e-17
9474.03	2.15e-17
9475.17	2.14e-17
9476.31	2.13e-17
9477.44	2.11e-17
9478.58	2.1e-17
9479.71	2.09e-17
9480.85	2.1e-17
9481.99	2.11e-17
9483.12	2.14e-17
9484.26	2.17e-17
9485.4	2.21e-17
9486.53	2.24e-17
9487.67	2.27e-17
9488.81	2.3e-17
9489.94	2.32e-17
9491.08	2.35e-17
9492.22	2.38e-17
9493.35	2.4e-17
9494.49	2.41e-17
9495.63	2.41e-17
9496.77	2.41e-17
9497.9	2.4e-17
9499.04	2.39e-17
9500.18	2.37e-17
9501.32	2.36e-17
9502.45	2.35e-17
9503.59	2.34e-17
9504.73	2.33e-17
9505.87	2.33e-17
9507.0	2.35e-17
9508.14	2.37e-17
9509.28	2.39e-17
9510.42	2.43e-17
9511.56	2.46e-17
9512.69	2.49e-17
9513.83	2.53e-17
9514.97	2.56e-17
9516.11	2.6e-17
9517.25	2.63e-17
9518.39	2.65e-17
9519.52	2.66e-17
9520.66	2.66e-17
9521.8	2.66e-17
9522.94	2.64e-17
9524.08	2.62e-17
9525.22	2.61e-17
9526.36	2.59e-17
9527.5	2.57e-17
9528.63	2.55e-17
9529.77	2.53e-17
9530.91	2.51e-17
9532.05	2.5e-17
9533.19	2.5e-17
9534.33	2.51e-17
9535.47	2.51e-17
9536.61	2.52e-17
9537.75	2.52e-17
9538.89	2.53e-17
9540.03	2.53e-17
9541.17	2.52e-17
9542.31	2.51e-17
9543.45	2.49e-17
9544.59	2.47e-17
9545.73	2.44e-17
9546.87	2.42e-17
9548.01	2.4e-17
9549.15	2.4e-17
9550.29	2.39e-17
9551.43	2.39e-17
9552.57	2.4e-17
9553.71	2.42e-17
9554.85	2.45e-17
9555.99	2.5e-17
9557.13	2.55e-17
9558.27	2.6e-17
9559.41	2.64e-17
9560.55	2.67e-17
9561.7	2.7e-17
9562.84	2.72e-17
9563.98	2.73e-17
9565.12	2.74e-17
9566.26	2.74e-17
9567.4	2.73e-17
9568.54	2.71e-17
9569.68	2.68e-17
9570.83	2.64e-17
9571.97	2.6e-17
9573.11	2.57e-17
9574.25	2.55e-17
9575.39	2.53e-17
9576.53	2.52e-17
9577.68	2.5e-17
9578.82	2.47e-17
9579.96	2.45e-17
9581.1	2.43e-17
9582.24	2.42e-17
9583.39	2.42e-17
9584.53	2.42e-17
9585.67	2.42e-17
9586.81	2.41e-17
9587.96	2.4e-17
9589.1	2.38e-17
9590.24	2.37e-17
9591.38	2.35e-17
9592.53	2.34e-17
9593.67	2.34e-17
9594.81	2.33e-17
9595.95	2.33e-17
9597.1	2.33e-17
9598.24	2.32e-17
9599.38	2.32e-17
9600.53	2.32e-17
9601.67	2.32e-17
9602.81	2.32e-17
9603.96	2.33e-17
9605.1	2.34e-17
9606.24	2.35e-17
9607.39	2.36e-17
9608.53	2.37e-17
9609.67	2.37e-17
9610.82	2.36e-17
9611.96	2.35e-17
9613.11	2.33e-17
9614.25	2.31e-17
9615.39	2.29e-17
9616.54	2.26e-17
9617.68	2.24e-17
9618.83	2.2e-17
9619.97	2.17e-17
9621.11	2.13e-17
9622.26	2.1e-17
9623.4	2.06e-17
9624.55	2.04e-17
9625.69	2.04e-17
9626.84	2.05e-17
9627.98	2.06e-17
9629.13	2.09e-17
9630.27	2.12e-17
9631.42	2.16e-17
9632.56	2.2e-17
9633.71	2.24e-17
9634.85	2.29e-17
9636.0	2.33e-17
9637.14	2.38e-17
9638.29	2.42e-17
9639.43	2.45e-17
9640.58	2.47e-17
9641.72	2.48e-17
9642.87	2.48e-17
9644.01	2.47e-17
9645.16	2.46e-17
9646.31	2.45e-17
9647.45	2.45e-17
9648.6	2.45e-17
9649.74	2.44e-17
9650.89	2.44e-17
9652.04	2.43e-17
9653.18	2.43e-17
9654.33	2.44e-17
9655.47	2.44e-17
9656.62	2.44e-17
9657.77	2.44e-17
9658.91	2.44e-17
9660.06	2.43e-17
9661.21	2.43e-17
9662.35	2.43e-17
9663.5	2.43e-17
9664.65	2.44e-17
9665.79	2.44e-17
9666.94	2.45e-17
9668.09	2.46e-17
9669.23	2.47e-17
9670.38	2.49e-17
9671.53	2.51e-17
9672.68	2.53e-17
9673.82	2.54e-17
9674.97	2.54e-17
9676.12	2.52e-17
9677.27	2.5e-17
9678.41	2.47e-17
9679.56	2.45e-17
9680.71	2.43e-17
9681.86	2.4e-17
9683.0	2.36e-17
9684.15	2.32e-17
9685.3	2.27e-17
9686.45	2.24e-17
9687.6	2.23e-17
9688.74	2.24e-17
9689.89	2.25e-17
9691.04	2.26e-17
9692.19	2.26e-17
9693.34	2.25e-17
9694.49	2.23e-17
9695.63	2.23e-17
9696.78	2.23e-17
9697.93	2.25e-17
9699.08	2.26e-17
9700.23	2.27e-17
9701.38	2.27e-17
9702.53	2.27e-17
9703.68	2.28e-17
9704.82	2.3e-17
9705.97	2.33e-17
9707.12	2.38e-17
9708.27	2.44e-17
9709.42	2.5e-17
9710.57	2.55e-17
9711.72	2.58e-17
9712.87	2.61e-17
9714.02	2.62e-17
9715.17	2.63e-17
9716.32	2.63e-17
9717.47	2.61e-17
9718.62	2.58e-17
9719.77	2.55e-17
9720.92	2.51e-17
9722.07	2.47e-17
9723.22	2.43e-17
9724.37	2.39e-17
9725.52	2.37e-17
9726.67	2.35e-17
9727.82	2.35e-17
9728.97	2.36e-17
9730.12	2.37e-17
9731.27	2.38e-17
9732.42	2.4e-17
9733.57	2.41e-17
9734.72	2.42e-17
9735.87	2.43e-17
9737.02	2.45e-17
9738.17	2.45e-17
9739.32	2.45e-17
9740.48	2.45e-17
9741.63	2.45e-17
9742.78	2.45e-17
9743.93	2.46e-17
9745.08	2.48e-17
9746.23	2.5e-17
9747.38	2.51e-17
9748.53	2.52e-17
9749.69	2.51e-17
9750.84	2.5e-17
9751.99	2.48e-17
9753.14	2.46e-17
9754.29	2.44e-17
9755.44	2.4e-17
9756.6	2.35e-17
9757.75	2.29e-17
9758.9	2.24e-17
9760.05	2.19e-17
9761.2	2.16e-17
9762.36	2.16e-17
9763.51	2.16e-17
9764.66	2.17e-17
9765.81	2.19e-17
9766.97	2.21e-17
9768.12	2.24e-17
9769.27	2.29e-17
9770.42	2.35e-17
9771.58	2.4e-17
9772.73	2.44e-17
9773.88	2.46e-17
9775.04	2.45e-17
9776.19	2.43e-17
9777.34	2.4e-17
9778.49	2.37e-17
9779.65	2.33e-17
9780.8	2.3e-17
9781.95	2.27e-17
9783.11	2.23e-17
9784.26	2.18e-17
9785.41	2.14e-17
9786.57	2.11e-17
9787.72	2.09e-17
9788.88	2.09e-17
9790.03	2.09e-17
9791.18	2.11e-17
9792.34	2.12e-17
9793.49	2.13e-17
9794.64	2.14e-17
9795.8	2.16e-17
9796.95	2.17e-17
9798.11	2.18e-17
9799.26	2.2e-17
9800.42	2.21e-17
9801.57	2.22e-17
9802.72	2.22e-17
9803.88	2.22e-17
9805.03	2.22e-17
9806.19	2.22e-17
9807.34	2.22e-17
9808.5	2.22e-17
9809.65	2.21e-17
9810.81	2.21e-17
9811.96	2.2e-17
9813.12	2.19e-17
9814.27	2.18e-17
9815.43	2.16e-17
9816.58	2.15e-17
9817.74	2.13e-17
9818.89	2.11e-17
9820.05	2.08e-17
9821.2	2.06e-17
9822.36	2.04e-17
9823.51	2.01e-17
9824.67	1.99e-17
9825.83	1.98e-17
9826.98	1.96e-17
9828.14	1.95e-17
9829.29	1.93e-17
9830.45	1.93e-17
9831.61	1.92e-17
9832.76	1.93e-17
9833.92	1.95e-17
9835.07	1.97e-17
9836.23	2e-17
9837.39	2.04e-17
9838.54	2.08e-17
9839.7	2.13e-17
9840.86	2.18e-17
9842.01	2.23e-17
9843.17	2.29e-17
9844.33	2.36e-17
9845.48	2.42e-17
9846.64	2.47e-17
9847.8	2.52e-17
9848.95	2.56e-17
9850.11	2.58e-17
9851.27	2.59e-17
9852.42	2.6e-17
9853.58	2.6e-17
9854.74	2.59e-17
9855.9	2.57e-17
9857.05	2.54e-17
9858.21	2.5e-17
9859.37	2.47e-17
9860.53	2.45e-17
9861.68	2.44e-17
9862.84	2.44e-17
9864.0	2.45e-17
9865.16	2.47e-17
9866.32	2.48e-17
9867.47	2.5e-17
9868.63	2.52e-17
9869.79	2.54e-17
9870.95	2.57e-17
9872.11	2.59e-17
9873.26	2.59e-17
9874.42	2.59e-17
9875.58	2.56e-17
9876.74	2.52e-17
9877.9	2.47e-17
9879.06	2.42e-17
9880.21	2.36e-17
9881.37	2.31e-17
9882.53	2.26e-17
9883.69	2.21e-17
9884.85	2.16e-17
9886.01	2.12e-17
9887.17	2.08e-17
9888.33	2.06e-17
9889.49	2.04e-17
9890.65	2.03e-17
9891.8	2.03e-17
9892.96	2.03e-17
9894.12	2.03e-17
9895.28	2.03e-17
9896.44	2.04e-17
9897.6	2.05e-17
9898.76	2.07e-17
9899.92	2.09e-17
9901.08	2.11e-17
9902.24	2.13e-17
9903.4	2.16e-17
9904.56	2.18e-17
9905.72	2.22e-17
9906.88	2.26e-17
9908.04	2.3e-17
9909.2	2.34e-17
9910.36	2.37e-17
9911.52	2.4e-17
9912.68	2.42e-17
9913.84	2.43e-17
9915.0	2.44e-17
9916.16	2.45e-17
9917.32	2.45e-17
9918.48	2.45e-17
9919.65	2.43e-17
9920.81	2.4e-17
9921.97	2.36e-17
9923.13	2.31e-17
9924.29	2.26e-17
9925.45	2.21e-17
9926.61	2.16e-17
9927.77	2.12e-17
9928.93	2.07e-17
9930.1	2.02e-17
9931.26	1.96e-17
9932.42	1.91e-17
9933.58	1.87e-17
9934.74	1.84e-17
9935.9	1.82e-17
9937.06	1.8e-17
9938.23	1.8e-17
9939.39	1.79e-17
9940.55	1.79e-17
9941.71	1.79e-17
9942.87	1.8e-17
9944.04	1.82e-17
9945.2	1.84e-17
9946.36	1.87e-17
9947.52	1.9e-17
9948.68	1.92e-17
9949.85	1.93e-17
9951.01	1.95e-17
9952.17	1.97e-17
9953.33	1.99e-17
9954.5	2.03e-17
9955.66	2.06e-17
9956.82	2.09e-17
9957.99	2.11e-17
9959.15	2.13e-17
9960.31	2.15e-17
9961.47	2.18e-17
9962.64	2.21e-17
9963.8	2.25e-17
9964.96	2.29e-17
9966.13	2.32e-17
9967.29	2.35e-17
9968.45	2.37e-17
9969.62	2.39e-17
9970.78	2.42e-17
9971.94	2.45e-17
9973.11	2.48e-17
9974.27	2.52e-17
9975.44	2.55e-17
9976.6	2.56e-17
9977.76	2.57e-17
9978.93	2.57e-17
9980.09	2.56e-17
9981.25	2.55e-17
9982.42	2.52e-17
9983.58	2.49e-17
9984.75	2.45e-17
9985.91	2.41e-17
9987.08	2.35e-17
9988.24	2.3e-17
9989.4	2.24e-17
9990.57	2.19e-17
9991.73	2.14e-17
9992.9	1.94e-17
9994.06	1.9e-17
9995.23	1.86e-17
9996.39	1.81e-17
9997.56	1.77e-17
9998.72	1.73e-17
9999.89	1.69e-17
	
	
